0.24173
0.34358
0.26987
0.28209
0.21688
0.29172
0.32925
0.30794
0.32122
0.3736
0.22803
0.29096
0.18922
0.24817
0.3049
0.28746
0.24056
0.19104
0.21533
0.22846
0.21667
0.20234
0.22385
0.17677
0.20103
0.27369
0.12084
0.35589
0.30577
0.30734
0.43193
0.43576
0.34514
0.37382
0.3366
0.42761
0.3493
0.41642
0.35642
0.37219
0.31436
0.31281
0.34014
0.24128
0.23858
0.27559
0.35217
0.30361
0.26197
0.21147
0.19053
0.15503
0.19826
0.11454
0.095398
0.1158
0.1615
0.11204
0.15374
0.12903
0.23815
0.1687
0.29726
0.23797
0.31295
0.27739
0.28582
0.28186
0.27036
0.28505
0.35812
0.33262
0.40355
0.34798
0.34436
0.34571
0.3505
0.33205
0.36886
0.35864
0.33204
0.3244
0.23573
0.21703
0.231
0.23655
0.31147
0.34624
0.42024
0.42519
0.40306
0.46272
0.48745
0.39361
0.3698
0.38743
0.35037
0.28857
0.24157
0.25038
0.22799
0.26644
0.22431
0.21868
0.24261
0.28194
0.32282
0.2876
0.27301
0.34682
0.30463
0.31394
0.32486
0.26234
0.30861
0.3358
0.26407
0.23779
0.23053
0.32373
0.34517
0.38616
0.37669
0.32171
0.39918
0.36957
0.4501
0.42319
0.47174
0.42419
0.36879
0.36244
0.39745
0.40573
0.38003
0.44646
0.42211
0.41352
0.42165
0.41928
0.47559
0.42895
0.44639
0.4375
0.40817
0.36245
0.40906
0.41765
0.50854
0.53271
0.45347
0.4662
0.4234
0.47136
0.38119
0.40406
0.33812
0.33166
0.34508
0.39252
0.45836
0.4615
0.49814
0.49828
0.47915
0.39723
0.40901
0.42305
0.50098
0.4538
0.47362
0.39441
0.37251
0.28383
0.28342
0.27276
0.29601
0.35693
0.33868
0.25958
0.15302
0.32831
0.29657
0.23197
0.11485
-0.20519
0.20696
0.23609
0.13229
0.3446
0.27355
0.21002
0.26653
0.22654
0.25451
0.27377
0.32576
0.28796
0.25918
0.2246
0.31307
0.33085
0.35159
0.31987
0.33561
0.26201
0.37024
0.45826
0.40178
0.35388
0.37235
0.30923
0.29118
0.30848
0.32151
0.38565
0.4417
0.45664
0.52735
0.54177
0.50321
0.43387
0.39878
0.37551
0.46255
0.53324
0.50861
0.48117
0.43849
0.43601
0.38062
0.39157
0.45263
0.44964
0.5906
0.55636
0.67332
0.60023
0.65335
0.59825
0.59067
0.55119
0.51932
0.44712
0.42249
0.47109
0.53198
0.55264
0.44555
0.43187
0.3768
0.41823
0.37206
0.3515
0.364
0.39185
0.31489
0.33249
0.36807
0.3724
0.49706
0.45447
0.52994
0.42922
0.4717
0.56613
0.58119
0.50782
0.48649
0.45268
0.31392
0.3915
0.41272
0.37656
0.42161
0.37042
0.46829
0.4188
0.42662
0.28964
0.29748
0.67449
0.77524
0.74921
0.72229
0.70879
0.71785
0.63663
0.65395
0.63201
0.52352
0.65062
0.61007
0.54665
0.59664
0.50966
0.56392
0.50436
0.56422
0.46337
0.46241
0.51668
0.57888
0.52658
0.45135
0.54184
0.46665
0.57834
0.49473
0.53395
0.55539
0.52419
0.50951
0.51229
0.56027
0.60595
0.66615
0.74238
0.72492
0.76236
0.71674
0.65507
0.63586
0.61594
0.58269
0.45848
0.46836
0.4458
0.40178
0.35339
0.3141
0.36722
0.36093
0.3469
0.40213
0.44345
0.47758
0.50263
0.37804
0.55052
0.49193
0.44212
0.33361
0.37775
0.39568
0.34102
0.42965
0.4375
0.48332
0.49553
0.56795
0.49927
0.49072
0.42112
0.43148
0.44793
0.41188
0.38356
0.34147
0.32113
0.38477
0.31852
0.50709
0.45969
0.48381
0.29319
0.2785
0.20113
0.24051
0.70472
0.63814
0.71866
0.59265
0.71936
0.68763
0.77795
0.72507
0.62691
0.53532
0.55349
0.48886
0.43672
0.40639
0.41347
0.35566
0.34594
0.37221
0.43264
0.45246
0.4272
0.37523
0.45004
0.43314
0.46327
0.46315
0.63522
0.64374
0.68253
0.67005
0.60419
0.68092
0.68654
0.64297
0.61721
0.67434
0.72329
0.63947
0.64275
0.56704
0.53862
0.48269
0.555
0.79458
0.73542
0.74994
0.71547
0.62296
0.76723
0.6574
0.73324
0.59334
0.484
0.47861
0.54671
0.5073
0.53822
0.4354
0.49002
0.46525
0.62308
0.61676
0.69136
0.59114
0.49991
0.43382
0.30459
0.34337
0.3692
0.39927
0.51191
0.47915
0.47596
0.38484
0.51998
0.5485
0.5805
0.46522
0.47966
0.45919
0.45383
0.39102
0.42895
0.32358
0.4464
0.44047
0.42862
0.40643
0.43961
0.40516
0.33863
0.44276
0.41365
0.40706
0.5967
0.53731
0.59125
0.53175
0.54796
0.50679
0.38025
0.3861
0.31663
0.35041
0.26619
0.30147
0.27147
0.27963
0.3088
0.32246
0.32899
0.31328
0.32958
0.26147
0.3258
0.33364
0.33057
0.45909
0.40258
0.44777
0.2963
0.26992
0.21255
0.24971
0.27281
0.33242
0.52126
0.59217
0.59295
0.66113
0.61896
0.68868
0.64215
0.61638
0.67399
0.50138
0.56813
0.4813
0.55898
0.46398
0.48554
0.43301
0.38617
0.31085
0.29295
0.33031
0.41215
0.38887
0.39674
0.42363
0.44076
0.45977
0.35013
0.37056
0.44557
0.40124
0.52806
0.54722
0.65481
0.66094
0.59698
0.49143
0.4376
0.63097
0.57142
0.58853
0.60889
0.60612
0.51467
0.49104
0.32611
0.4551
0.45458
0.50228
0.5743
0.60273
0.50522
0.51479
0.46872
0.51249
0.5464
0.51857
0.45531
0.48237
0.62547
0.52896
0.68527
0.58305
0.62899
0.45432
0.53631
0.43204
0.54365
0.52054
0.6113
0.67508
0.47235
0.50318
0.49628
0.41415
0.5025
0.46721
0.54396
0.54571
0.6295
0.58945
0.56179
0.49012
0.39687
0.51924
0.48398
0.5008
0.40824
0.30864
0.32048
0.39304
0.3438
0.337
0.40682
0.36196
0.50132
0.52213
0.42714
0.55442
0.53541
0.54646
0.411
0.33813
0.30752
0.43356
0.3926
0.41961
0.34067
0.24495
0.3206
0.34272
0.37377
0.25741
0.36153
0.29974
0.293
0.36197
0.34157
0.35169
0.29469
0.31534
0.34728
0.28657
0.35319
0.282
0.28483
0.25484
0.29995
0.31166
0.38731
0.51741
0.46419
0.47009
0.46919
0.49084
0.47525
0.45354
0.45104
0.50248
0.50604
0.56578
0.57456
0.59175
0.63438
0.67626
0.63375
0.68929
0.74561
0.69415
0.63735
0.56088
0.66607
0.70294
0.66852
0.54294
0.59701
0.56391
0.57229
0.55204
0.55139
0.55916
0.62539
0.5435
0.55702
0.55862
0.52606
0.64858
0.70193
0.68727
0.6771
0.73708
0.6313
0.63576
0.69358
0.63543
0.6187
0.51633
0.58709
0.55674
0.65576
0.65749
0.70535
0.74585
0.72658
0.75482
0.73056
0.77488
0.76073
0.74894
0.43553
0.36049
0.56607
0.5673
0.62341
0.54149
0.59995
0.55228
0.63973
0.66507
0.6012
0.62572
0.60407
0.63398
0.60017
0.64787
0.77539
0.72559
0.78792
0.70146
0.76871
0.74529
0.66311
0.48368
0.5162
0.48945
0.50942
0.42479
0.3773
0.44474
0.42037
0.37876
0.39279
0.44476
0.38826
0.45397
0.48672
0.49062
0.55625
0.50556
0.44189
0.37971
0.55159
0.45573
0.55164
0.50458
0.44988
0.47912
0.50876
0.53106
0.44427
0.45857
0.4239
0.42357
0.32058
0.3232
0.2911
0.34107
0.45008
0.46848
0.51755
0.59165
0.49165
0.45729
0.43519
0.44093
0.46148
0.4032
0.30215
0.32866
0.30773
0.32301
0.45906
0.50971
0.52572
0.45142
0.41252
0.37387
0.46016
0.46305
0.44987
0.41143
0.49496
0.45957
0.60369
0.62885
0.5873
0.46145
0.43724
0.46576
0.50173
0.44319
0.58711
0.61027
0.57997
0.66688
0.68847
0.67548
0.7065
0.68185
0.77747
0.71756
0.77543
0.48586
0.48358
0.51706
0.50777
0.61758
0.47425
0.34951
0.18573
0.147
0.12893
0.22984
0.39084
0.48447
0.502
0.56265
0.60166
0.56878
0.49296
0.59861
0.64741
0.591
0.503
0.40015
0.3791
0.47965
0.55269
0.52251
0.568
0.47687
0.46166
0.359
0.33797
0.37756
0.45698
0.45416
0.30772
0.35671
0.35689
0.45648
0.47657
0.46301
0.4349
0.41277
0.52715
0.55912
0.44849
0.36958
0.28923
0.37249
0.32258
0.37769
0.38419
0.44117
0.41679
0.41358
0.35293
0.42548
0.46926
0.38813
0.40431
0.41542
0.52047
0.47273
0.3566
0.48712
0.44279
0.46825
0.43515
0.51212
0.48409
0.44975
0.38987
0.42308
0.42665
0.46129
0.47061
0.47811
0.34141
0.51728
0.45238
0.45804
0.39607
0.38394
0.33631
0.39669
0.39707
0.46305
0.46578
0.44829
0.47017
0.45992
0.46142
0.48414
0.41745
0.5226
0.50946
0.4303
0.39245
0.43905
0.65872
0.62897
0.56952
0.58164
0.55597
0.72768
0.74617
0.7721
0.68506
0.70331
0.68121
0.78661
0.46769
0.43961
0.49654
0.55077
0.60152
0.63937
0.56065
0.46703
0.43841
0.50224
0.51549
0.52523
0.45485
0.41016
0.4285
0.50103
0.52496
0.41731
0.48554
0.4552
0.44814
0.41184
0.46459
0.46227
0.48129
0.51446
0.59757
0.5579
0.50044
0.4621
0.36614
0.33397
0.37089
0.32851
0.3294
0.30916
0.32046
0.32736
0.31164
0.3348
0.2471
0.27596
0.35966
0.41562
0.48798
0.48441
0.53992
0.51168
0.52411
0.40965
0.42497
0.42349
0.35604
0.37362
0.38978
0.34181
0.23806
0.28975
0.31906
0.31112
0.31731
0.37484
0.46914
0.43045
0.46664
0.46447
0.54625
0.51519
0.42577
0.4236
0.36968
0.67496
0.72084
0.68139
0.6383
0.75723
0.71531
0.65708
0.63229
0.60832
0.46572
0.48022
0.4615
0.54611
0.34219
0.77337
0.72074
0.54351
0.7752
0.48885
0.73593
0.74648
0.79602
0.73803
0.61658
0.72185
0.79885
0.766
0.73269
0.78135
0.69124
0.79788
0.7596
0.69582
0.68684
0.70883
0.75856
0.73973
0.71034
0.78278
0.65695
0.7231
0.68374
0.71601
0.75908
0.75224
0.76578
0.57752
0.64252
0.5917
0.52791
0.73828
0.76703
0.71056
0.55423
0.68584
0.5128
0.70152
0.62523
0.53749
0.72372
0.72353
0.79051
0.71139
0.73148
0.75797
0.64779
0.41306
0.63624
0.74259
0.75965
0.73415
0.79187
0.69385
0.674
0.76004
0.56857
0.72958
0.73655
0.60381
0.67695
0.43316
0.49143
0.56243
0.58128
0.72935
0.6165
0.58229
0.77612
0.68477
0.7762
0.72438
0.78888
0.71572
0.7786
0.74787
0.78747
0.67367
0.78455
0.6813
0.69992
0.6079
0.56944
0.56132
0.3531
0.30797
0.24959
0.277
0.1376
0.3348
0.29098
0.36678
0.51545
0.53994
0.64138
0.68431
0.71238
0.66875
0.63411
0.58818
0.71309
0.68622
0.57737
0.43875
0.33724
0.42858
0.26939
0.30517
0.32065
0.21871
0.39037
0.29427
0.37067
0.37206
0.47514
0.56564
0.58453
0.5812
0.77162
0.63378
0.41545
0.54629
0.41105
0.41153
0.30194
0.47665
0.39518
0.36921
0.33017
0.38436
0.41069
0.21854
0.3593
0.24658
0.2659
0.27778
0.04529
0.12208
0.12111
0.33705
0.34925
0.33623
0.41003
0.71843
0.73202
0.74481
0.67002
0.75863
0.67626
0.78776
0.65047
0.7277
0.6929
0.7399
0.79647
0.78107
0.79789
0.77989
0.74866
0.59923
0.46979
0.49798
0.59032
0.35309
0.5746
0.48248
0.5753
0.42824
0.60734
0.06544
0.13669
0.014789
0.052365
-0.014717
0.037228
-0.029179
0.022496
0.060683
0.038175
0.085943
0.16584
0.090236
0.17773
0.029082
0.13513
0.16702
0.068438
-0.025666
0.52264
0.68467
0.53334
0.61144
0.63274
0.73363
0.52916
0.50989
0.61582
0.60711
0.63198
0.65236
0.77928
0.79768
0.74692
0.71976
0.21015
0.52101
0.49503
0.65234
0.5913
0.73789
0.76742
0.62666
0.73844
0.74434
0.72452
0.68857
0.75304
0.56716
0.64835
0.33739
0.7223
0.53257
0.55527
0.34936
0.34184
0.19989
0.22118
0.389
0.40008
0.40901
0.44597
0.41783
0.5649
0.44431
0.43857
0.39291
0.42581
0.24087
0.35057
0.17688
0.31421
0.23409
0.29611
0.2064
0.31728
0.45363
0.19493
0.25779
0.12248
0.25087
0.23185
0.1055
0.20818
0.20908
0.31596
0.34031
0.36516
0.41504
0.76545
0.78388
0.64884
0.55296
0.73096
0.5862
0.61365
0.62128
0.63703
0.73762
0.67462
0.64884
0.54611
0.65513
0.76604
0.682
0.69257
0.72963
0.72009
0.51497
0.4023
0.51207
0.42682
0.56685
0.52454
0.56215
0.60666
0.53636
0.53385
0.55738
0.47255
0.70215
0.22441
0.50532
0.35593
0.5935
0.3845
0.09812
0.11203
0.044722
0.14875
0.036654
0.1241
0.17728
0.067078
0.15674
0.089581
0.16505
0.20725
0.15937
0.35672
0.2644
0.31087
0.14888
0.19486
0.054742
0.64367
0.77933
0.67052
0.77164
0.70823
0.72355
0.63167
0.49552
0.5657
0.59281
0.47748
0.70889
0.58435
0.75048
0.72665
0.66399
0.7078
0.58672
0.66913
0.52715
0.5081
0.34353
0.30134
0.43547
0.33086
0.38395
0.39796
0.43143
0.67076
0.47892
0.58165
0.53031
0.43332
0.48574
0.43929
0.53756
0.37692
0.46663
0.43367
0.48235
0.63968
0.46782
0.56059
0.5808
0.47232
0.67163
0.53701
0.7376
0.37863
0.54596
0.51525
0.37587
0.19121
0.45141
0.27534
0.32332
0.37778
0.24513
0.14951
0.18702
0.53555
0.21793
0.42342
0.26116
0.22801
0.35889
0.12979
0.36382
0.34027
0.49459
0.57424
0.37678
0.77612
0.78788
0.73574
0.72947
0.67719
0.53109
0.45447
0.65897
0.63115
0.67454
0.67122
0.73418
0.73292
0.77216
0.74449
0.77732
0.74463
0.77808
0.57976
0.53096
0.39933
0.58736
0.3172
0.45886
0.32307
0.53849
0.50632
0.49789
0.61073
0.56632
0.57106
0.7503
0.55884
0.73216
0.49022
0.74516
0.69679
0.76901
0.20573
0.16917
0.25645
0.15881
0.18373
-0.053801
0.025417
0.14137
0.17732
0.09477
0.11586
0.083661
0.17393
-0.00075031
0.12606
0.028726
0.08247
0.08789
0.0014762
0.6554
0.56112
0.72054
0.7445
0.73504
0.60289
0.77091
0.74825
0.58453
0.67475
0.68049
0.56147
0.74532
0.61213
0.57659
0.48285
0.41904
0.47934
0.38837
0.4532
0.67032
0.43939
0.64834
0.478
0.60895
0.79798
0.61401
0.56925
0.31616
0.50079
0.34859
0.48757
0.51332
0.61604
0.68303
0.75876
0.60314
0.44515
0.59615
0.43534
0.33162
0.21799
0.38209
0.31703
0.25103
0.24103
0.24514
0.2097
0.24704
0.252
0.14272
0.29937
0.27592
0.33234
0.37083
0.19515
0.27504
0.17294
0.26169
0.18535
0.23132
0.2708
0.50687
0.61853
0.52849
0.55912
0.56504
0.57613
0.61495
0.68082
0.72102
0.54588
0.62927
0.57861
0.52518
0.60929
0.52824
0.74767
0.65183
0.72301
0.68011
0.69112
0.53255
0.5088
0.60425
0.55921
0.63548
0.62638
0.59211
0.54282
0.55021
0.68584
0.59146
0.51339
0.59494
0.41547
0.67464
0.62797
0.65592
0.56303
0.50338
0.55663
0.3915
0.57115
0.3704
0.46703
0.464
0.64168
0.70572
0.64136
0.54947
0.66392
0.66456
0.70586
0.75406
0.026576
-0.069452
0.0067283
-0.02199
0.065962
-0.010633
0.12814
0.036817
0.045133
0.18276
0.1072
0.12807
0.14049
0.11245
0.13576
0.2281
0.27253
0.18148
0.12383
0.71451
0.57603
0.79927
0.78225
0.76343
0.72687
0.74852
0.66497
0.57573
0.67385
0.54212
0.3921
0.61862
0.56748
0.71213
0.65122
0.69203
0.44615
0.40908
0.48363
0.40905
0.37539
0.23643
0.2891
0.3176
0.24185
0.31011
0.36073
0.37797
0.55836
0.30806
0.44736
0.40418
0.34785
0.48987
0.59729
0.70985
0.5472
0.66968
0.50478
0.55435
0.5185
0.48042
0.54536
0.62827
0.46177
0.68965
0.45113
0.5987
0.58906
0.58016
0.33638
0.2579
0.37298
0.38122
0.36252
0.31952
0.28468
0.2547
0.1689
0.26557
0.16204
0.36688
0.40546
0.17638
0.13322
0.061204
0.38063
0.25987
0.31856
0.42196
0.53553
0.40509
0.31233
0.64166
0.58524
0.65002
0.5522
0.59912
0.59169
0.56829
0.68878
0.54001
0.67098
0.59102
0.47686
0.74514
0.62649
0.6469
0.59701
0.71228
0.53215
0.67147
0.68762
0.46444
0.59715
0.48736
0.4853
0.42723
0.44239
0.53504
0.42734
0.52086
0.44927
0.44415
0.62889
0.57615
0.64067
0.73715
0.76701
0.72751
0.57701
0.71732
0.57248
0.74447
0.5876
0.64299
0.54085
0.52442
0.46187
0.37547
0.47405
0.43442
0.33676
0.55945
0.3604
0.57051
0.32124
0.50177
0.13507
0.10534
0.27376
0.087899
0.23972
0.20165
0.28071
0.21914
0.10535
0.17999
0.11866
0.21935
0.26785
0.087897
0.23876
0.16094
0.19138
0.16364
0.21727
0.58658
0.51449
0.64991
0.5291
0.55444
0.61387
0.60785
0.59298
0.48772
0.55044
0.52115
0.59583
0.64505
0.49759
0.58788
0.7962
0.7773
0.72534
0.52748
0.29822
0.57106
0.53433
0.68534
0.64874
0.5773
0.52803
0.42255
0.47779
0.4663
0.41557
0.48171
0.28663
0.50349
0.39045
0.78581
0.48827
0.64093
0.3564
0.43425
0.34559
0.30903
0.25292
0.22608
0.33831
0.44395
0.39435
0.55663
0.38413
0.4288
0.42395
0.54268
0.4548
0.45368
0.58188
0.46433
0.59473
0.45127
0.52059
0.44876
0.50651
0.6328
0.61998
0.5927
0.29395
0.12738
0.28181
0.16469
0.20007
0.15693
0.14621
0.66636
0.49143
0.75145
0.61587
0.72558
0.67324
0.66038
0.58698
0.44518
0.53359
0.4496
0.55015
0.46304
0.52905
0.44224
0.5217
0.38824
0.43273
0.43909
0.48334
0.49604
0.59681
0.49257
0.43736
0.4694
0.50369
0.34658
0.37692
0.42295
0.39884
0.44887
0.41581
0.3888
0.38627
0.34514
0.39631
0.27343
0.4023
0.32839
0.39054
0.35871
0.38063
0.35267
0.35919
0.33843
0.33569
0.29991
0.36872
0.33186
0.41623
0.4172
0.46864
0.38842
0.36891
0.50532
0.46075
0.42859
0.47604
0.45022
0.60231
0.51674
0.6081
0.56403
0.61984
0.46374
0.48863
0.44449
0.51116
0.393
0.54019
0.48079
0.61366
0.46647
0.59858
0.5083
0.54096
0.46091
0.58648
0.51048
0.55599
0.64673
0.63305
0.61491
0.61587
0.55241
0.47356
0.50715
0.45706
0.5003
0.64308
0.16421
0.2705
0.11381
0.32511
0.23758
0.1673
0.14223
0.27242
0.46334
0.41398
0.38211
0.37591
0.30976
0.33887
0.31308
0.29608
0.38418
0.42888
0.43127
0.40626
0.44786
0.39513
0.39601
0.33706
0.46461
0.40294
0.35333
0.3406
0.31974
0.37956
0.37021
0.46033
0.46112
0.38848
0.40955
0.30631
0.41723
0.35892
0.50603
0.43732
0.54992
0.56534
0.52817
0.46854
0.33005
0.19361
0.26838
0.24628
0.31588
0.18502
0.18278
0.29974
0.27974
0.23922
0.27211
0.36853
0.35775
0.42241
0.29028
0.2948
0.44464
0.26084
0.29608
0.13475
0.35728
0.38267
0.24404
0.18173
0.17748
0.22144
0.1223
0.19645
0.26443
0.29571
0.31973
0.30359
0.38194
0.29972
0.45621
0.47986
0.36859
0.39376
0.42298
0.46922
0.28866
0.36538
0.33125
0.38704
0.37923
0.39921
0.37287
0.4335
0.45897
0.32127
0.36072
0.27446
0.35193
0.22865
0.29251
0.25366
0.26638
0.23059
0.35234
0.22562
0.25364
0.18127
0.17127
0.17626
0.24834
0.41716
0.53003
0.4791
0.47322
0.4795
0.5497
0.56143
0.44148
0.45673
0.49726
0.43736
0.37253
0.42995
0.34655
0.36618
0.304
0.36158
0.26744
0.39834
0.3524
0.44602
0.31457
0.35856
0.25081
0.32135
0.38083
0.36874
0.40363
0.37802
0.43506
0.3357
0.38475
0.31377
0.34317
0.2878
0.24809
0.40646
0.39327
0.37471
0.39446
0.28426
0.30468
0.36939
0.38284
0.39493
0.40461
0.36538
0.40127
0.33479
0.30852
0.27542
0.38668
0.36155
0.37821
0.33829
0.39545
0.35109
0.36652
0.30417
0.26492
0.29823
0.26202
0.23408
0.37784
0.29178
0.46999
0.30533
0.34633
0.40052
0.40732
0.34901
0.41298
0.32901
0.44901
0.32823
0.48928
0.35897
0.4105
0.40623
0.40083
0.32496
0.38894
0.33518
0.31906
0.27398
0.3138
0.28403
0.36471
0.28359
0.31575
0.26358
0.35708
0.36282
0.30502
0.40701
0.40047
0.49045
0.58388
0.5312
0.48017
0.47943
0.27897
0.42853
0.35043
0.37729
0.38378
0.35867
0.41518
0.41247
0.36736
0.24256
0.35116
0.34782
0.41777
0.40808
0.29759
0.31771
0.33355
0.25719
0.35435
0.35506
0.44078
0.41765
0.52587
0.39573
0.50323
0.44255
0.29944
0.13001
0.30931
0.29008
0.33799
0.36027
0.3426
0.15251
0.23778
0.26687
0.28116
0.33533
0.16718
0.46007
0.40184
0.36167
0.34736
0.28318
0.36164
0.33846
0.31741
0.32007
0.20669
0.19114
0.18628
0.16663
0.2695
0.33281
0.1816
0.28412
0.37772
0.22873
0.40612
0.15159
0.30799
0.36185
0.27026
0.28208
0.20482
0.16323
0.32635
0.30869
0.22426
0.26554
0.32142
0.29795
0.45891
0.366
0.46967
0.3886
0.52261
0.41864
0.31532
0.37891
0.4104
0.4795
0.32609
0.36174
0.45032
0.48263
0.57705
0.35073
0.50424
0.35644
0.38208
0.35801
0.4052
0.34829
0.44569
0.41227
0.52154
0.35274
0.43064
0.43785
0.50031
0.34425
0.43838
0.45898
0.33358
0.33673
0.41033
0.40234
0.31033
0.36246
0.38206
0.3274
0.27773
0.33344
0.3076
0.29269
0.38522
0.41842
0.4442
0.4157
0.54435
0.49161
0.45777
0.37605
0.26999
0.24218
0.54017
0.3962
0.47231
0.37234
0.33707
0.35852
0.38123
0.39855
0.41133
0.31479
0.30678
0.32632
0.27438
0.32695
0.502
0.46534
0.43232
0.26808
0.37166
0.33639
0.32648
0.32925
0.4421
0.24878
0.35096
0.29316
0.41962
0.24743
0.23015
0.31841
0.30242
0.33784
0.22127
0.24928
0.25668
0.20285
0.28317
0.40202
0.29787
0.213
0.2163
0.20537
0.22189
0.29247
0.24444
0.34258
0.26816
0.25724
0.27375
0.24602
0.24272
0.29841
0.34349
0.27297
0.37126
0.40503
0.38134
0.36578
0.21757
0.45825
0.34703
0.4825
0.62334
0.50771
0.4578
0.37647
0.4165
0.51871
0.35279
0.40996
0.59882
0.46668
0.55108
0.38817
0.27968
0.26269
0.31206
0.33877
0.2855
0.35532
0.24696
0.30221
0.45026
0.34467
0.33076
0.37351
0.26909
0.22941
0.38931
0.12406
0.31355
0.20844
0.22783
0.12871
0.21462
0.17777
0.31063
0.26619
0.43535
0.32496
0.26165
0.30272
0.22968
0.22125
0.25165
0.26045
0.22616
0.21892
0.33425
0.29879
0.40201
0.43292
0.31318
0.34586
0.34663
0.31641
0.28289
0.37891
0.37088
0.41192
0.35871
0.32306
0.21276
0.24915
0.053724
0.27381
0.29327
0.29664
0.17086
0.21965
0.313
0.13507
0.31189
0.36995
0.28193
0.34632
0.32769
0.24975
0.16795
0.27617
0.15675
0.41421
0.29968
0.37721
0.3017
0.15744
0.21268
0.22224
0.46744
0.34233
0.24424
0.24068
0.19789
0.15652
0.18223
0.24727
0.28362
0.25835
0.23702
0.28943
0.24602
0.27505
0.18918
0.21473
0.25499
0.25311
0.24725
0.20451
0.31045
0.29478
0.29779
0.24036
0.1956
0.19511
0.1963
0.18416
0.24696
0.28575
0.26659
0.28082
0.32574
0.27817
0.30059
0.24353
0.30512
0.28546
0.23318
0.2023
0.24361
0.1436
0.24684
0.13651
0.21256
0.15501
0.17292
0.22553
0.22335
0.17986
0.48183
0.27325
0.4625
0.38526
0.49676
0.49522
0.4779
0.39454
0.46847
0.39495
0.54595
0.47414
0.64126
0.58657
0.51611
0.43643
0.42452
0.46683
0.48146
0.47653
0.39235
0.48097
0.58107
0.6463
0.67583
0.66433
0.71796
0.75922
0.60046
0.6498
0.45224
0.56175
0.48519
0.39002
0.44339
0.41041
0.50075
0.58807
0.48628
0.52846
0.46647
0.52455
0.48351
0.45884
0.46637
0.50452
0.43605
0.46728
0.49215
0.28184
0.39582
0.38802
0.52067
0.52371
0.44407
0.61946
0.49938
0.4971
0.5078
0.58671
0.32625
0.39715
0.337
0.4619
0.45912
0.51302
0.26131
0.4203
0.38419
0.38216
0.35875
0.4396
0.29891
0.4381
0.32887
0.44917
0.40126
0.47552
0.42167
0.52218
0.44035
0.52177
0.60161
0.37296
0.48619
0.22534
0.21577
0.21035
0.21074
0.17968
0.31994
0.21866
0.28091
0.14007
0.23221
0.19575
0.27845
0.18227
0.23383
0.24006
0.37555
0.16528
0.30607
0.21711
0.32024
0.24652
0.27907
0.29959
0.17397
0.27302
0.27994
0.41358
0.22073
0.27846
0.30951
0.38426
0.26181
0.47413
0.30846
0.26677
0.3759
0.41186
0.45678
0.4798
0.41623
0.34212
0.40319
0.3194
0.45757
0.3672
0.39064
0.22654
0.29096
0.34677
0.27701
0.25888
0.35387
0.3257
0.36684
0.25502
0.20863
0.22256
0.19782
0.10244
0.12156
0.10048
0.16106
0.16302
0.18911
0.19694
0.18989
0.17143
0.23179
0.16915
0.17333
0.39336
0.19223
0.361
0.38099
0.39625
0.30629
0.35025
0.40324
0.36243
0.33616
0.38757
0.43494
0.4893
0.38933
0.37036
0.4239
0.47487
0.45641
0.55229
0.45275
0.42596
0.34958
0.40495
0.35808
0.47911
0.37805
0.43128
0.38191
0.41587
0.41812
0.34772
0.41305
0.21772
0.32721
0.22959
0.28058
0.23634
0.23123
0.32702
0.27371
0.20389
0.3358
0.25859
0.17843
0.23456
0.19292
0.41769
0.45501
0.33992
0.39649
0.39813
0.44584
0.41248
0.39706
0.51356
0.30947
0.33319
0.37539
0.34788
0.31962
0.39492
0.34952
0.44861
0.4269
0.4537
0.47673
0.43365
0.45134
0.44621
0.49474
0.40265
0.41731
0.32639
0.41551
0.45566
0.51578
0.49519
0.49615
0.53366
0.45688
0.40002
0.37144
0.36742
0.36837
0.34966
0.23464
0.40738
0.39305
0.36269
0.33484
0.28036
0.35117
0.41376
0.60735
0.47517
0.66358
0.55034
0.40743
0.36036
0.33621
0.36127
0.42609
0.40453
0.38565
0.4566
0.44146
0.40839
0.52679
0.47463
0.53268
0.53143
0.52612
0.44942
0.45904
0.7099
0.60248
0.50566
0.43094
0.41568
0.41893
0.33697
0.33143
0.44466
0.50558
0.5128
0.59594
0.54852
0.6674
0.5904
0.62822
0.51297
0.54101
0.45186
0.43673
0.51901
0.42019
0.30085
0.25742
0.31215
0.35719
0.32718
0.32772
0.33289
0.48295
0.49754
0.52637
0.48846
0.54623
0.54264
0.5026
0.59769
0.57709
0.68374
0.49814
0.53606
0.52772
0.59539
0.38808
0.25258
0.15959
0.20289
0.2031
0.17253
0.31605
0.22648
0.29983
0.33977
0.3583
0.29744
0.25456
0.17351
0.34133
0.4052
0.47879
0.2971
0.25023
0.21823
0.095237
0.15331
0.057758
0.013554
0.025508
0.05761
0.10105
0.15118
0.20355
0.26655
0.35575
0.37599
0.41681
0.39844
0.30341
0.2717
0.21098
0.62465
0.52969
0.55285
0.073783
0.15721
0.28933
0.31211
0.27982
0.33575
0.27734
0.15945
0.44904
0.3853
0.56127
0.48475
0.47236
0.37082
0.31821
0.28934
0.27157
0.29729
0.26369
0.33333
0.34744
0.35248
0.35917
0.33993
0.57378
0.51789
0.5496
0.49972
0.51848
0.51775
0.54637
0.33568
0.39634
0.49541
0.40195
0.49133
0.38207
0.39756
0.36521
0.42988
0.45057
0.37248
0.17987
0.17915
0.36056
0.51455
0.53211
0.52945
0.37734
0.57786
0.53076
0.54387
0.49298
0.43055
0.30706
0.28761
0.4412
0.37593
0.34176
0.26824
0.30313
0.2262
0.30122
0.33553
0.28024
0.30838
0.27563
0.32287
0.32392
0.32208
0.55704
0.46937
0.57141
0.55714
0.50353
0.47595
0.40715
0.38114
0.34438
0.33977
0.42144
0.51252
0.45205
0.34858
0.43797
0.5675
0.47529
0.49981
0.54479
0.60581
0.55656
0.46922
0.49754
0.51881
0.69199
0.67918
0.6051
0.52779
0.31672
0.41843
0.20954
0.09059
0.182
0.16917
0.11026
0.15172
0.20017
0.26547
0.28216
0.30166
0.27788
0.26922
0.29006
0.30475
0.25652
0.28144
0.30073
0.32711
0.42652
0.39591
0.38006
0.30267
0.32497
0.27617
0.2572
0.36655
0.3428
0.28859
0.3053
0.20388
0.1736
0.17967
0.25808
0.28163
0.22489
0.21715
0.16491
0.2938
0.3177
0.32077
0.34346
0.19317
0.27184
0.22783
0.30534
0.33018
0.32923
0.27219
0.23431
0.65271
0.68435
0.77806
0.72366
0.59822
0.53339
0.65935
0.69084
0.75695
0.78265
0.72307
0.70032
0.74906
0.67812
0.78753
0.32908
0.30114
0.45829
0.37083
0.41931
0.43049
0.42194
0.28811
0.27873
0.3882
0.34607
0.41693
0.43182
0.50914
0.41879
0.40356
0.57057
0.43466
0.51242
0.45448
0.44616
0.40506
0.46272
0.45405
0.40028
0.41873
0.41962
0.3481
0.3391
0.31262
0.26466
0.40326
0.43407
0.46768
0.42327
0.42983
0.44031
0.43107
0.41225
0.38371
0.35308
0.45065
0.42647
0.43397
0.42747
0.36481
0.3888
0.45695
0.34428
0.33359
0.36371
0.25926
0.3237
0.29728
0.33404
0.3116
0.29571
0.40634
0.37586
0.41807
0.40541
0.42231
0.43104
0.41689
0.41516
0.33493
0.37884
0.39876
0.42166
0.36669
0.48583
0.33443
0.49857
0.50664
0.50864
0.49179
0.46205
0.39206
0.2532
0.31332
0.34033
0.35655
0.58281
0.64166
0.6129
0.43694
0.53117
0.44806
0.47846
0.30951
0.37341
0.36721
0.33743
0.37466
0.32541
0.37663
0.49662
0.36169
0.22343
0.41006
0.32855
0.3262
0.34918
0.32404
0.32596
0.24706
0.36044
0.41135
0.49853
0.40271
0.46403
0.43061
0.4674
0.54397
0.3445
0.3301
0.30899
0.4616
0.50653
0.47996
0.46271
0.60868
0.39152
0.40776
0.32342
0.38691
0.30967
0.34385
0.31484
0.22866
0.28614
0.27906
0.38267
0.32513
0.33664
0.371
0.37677
0.41431
0.45023
0.43986
0.47393
0.48742
0.48655
0.24299
0.11952
0.18988
0.20182
0.10819
0.077622
0.2522
0.34096
0.28552
0.2335
0.2139
0.28096
0.34914
0.38079
0.30789
0.33836
0.26595
0.19066
0.36068
0.29659
0.41267
0.34698
0.35466
0.4086
0.42931
0.31974
0.27601
0.24935
0.26817
0.25182
0.32229
0.34784
0.26982
0.22511
0.23918
0.17365
0.067478
0.04687
0.22787
0.32276
0.34285
0.38267
0.48535
0.37543
0.41692
0.43122
0.36468
0.30878
0.31386
0.30973
0.69402
0.6955
0.64333
0.6963
0.65882
0.70087
0.64031
0.69651
0.74528
0.69118
0.73558
0.68422
0.68672
0.67141
0.70481
0.7556
0.72191
0.4129
0.26437
0.38727
0.31563
0.36935
0.34495
0.34853
0.38639
0.46234
0.46994
0.30712
0.46738
0.37633
0.45451
0.50681
0.37803
0.48953
0.50275
0.57364
0.51978
0.53531
0.35728
0.47019
0.55276
0.33772
0.25442
0.38133
0.30385
0.25304
0.25077
0.26887
0.25291
0.24757
0.21489
0.24768
0.27335
0.28658
0.27648
0.29001
0.32096
0.33657
0.32137
0.25588
0.26314
0.33124
0.29661
0.45269
0.40591
0.52051
0.46445
0.56781
0.37306
0.4523
0.47308
0.42782
0.34086
0.29741
0.2605
0.29309
0.26457
0.06419
0.19511
0.30762
0.51059
0.46073
0.49095
0.38576
0.45813
0.31502
0.31855
0.29333
0.13825
0.27191
0.36103
0.27601
0.15867
0.22649
0.17652
0.20954
0.15601
0.24124
0.21232
0.28216
0.31247
0.36026
0.37838
0.35451
0.31883
0.34633
0.32603
0.28841
0.75904
0.69177
0.7795
0.69658
0.68078
0.56364
0.6068
0.54259
0.54869
0.55839
0.56546
0.61459
0.59912
0.63668
0.64845
0.59428
0.66994
0.60959
0.69523
0.58163
0.59344
0.54431
0.63536
0.66009
0.68269
0.35034
0.414
0.40181
0.36419
0.32828
0.34042
0.32766
0.35124
0.2522
0.32104
0.39691
0.38994
0.43755
0.37007
0.44139
0.53699
0.39063
0.5186
0.37508
0.31242
0.22877
0.28833
0.24446
0.32809
0.29707
0.3302
0.40329
0.46423
0.59062
0.53125
0.43699
0.4386
0.43691
0.37533
0.35269
0.48646
0.36509
0.30474
0.40627
0.35979
0.34889
0.33843
0.33356
0.22951
0.38486
0.41331
0.32266
0.24878
0.43319
0.41527
0.35208
0.44669
0.51244
0.49849
0.489
0.55153
0.43823
0.47454
0.50701
0.51237
0.29994
0.24093
0.25833
0.27686
0.19985
0.19872
0.11323
0.12554
0.039166
0.1735
0.15055
0.12346
0.093203
0.012921
0.046914
0.10563
0.019983
0.26555
0.46767
0.53027
0.45644
0.52228
0.43168
0.37671
0.34575
0.35547
0.30255
0.28194
0.29954
0.30859
0.33291
0.2896
0.18858
0.25559
0.32503
0.29943
0.37126
0.38407
0.41607
0.47322
0.53428
0.50602
0.60177
0.58905
0.47366
0.3898
0.52721
0.53436
0.49019
0.46752
0.37008
0.43762
0.34986
0.39975
0.35385
0.4736
0.42864
0.4793
0.2943
0.41312
0.3549
0.42373
0.49904
0.46922
0.41508
0.5017
0.54626
0.6624
0.36443
0.30207
0.43986
0.32554
0.4634
0.43152
0.53448
0.49943
0.45534
0.50465
0.65848
0.36495
0.26939
0.2121
0.19566
0.090345
0.071138
0.20035
0.33547
0.31499
0.27776
0.23756
0.20925
0.21387
0.28641
0.25077
0.19357
0.20658
0.24491
0.28697
0.35804
0.25874
0.27964
0.28447
0.25819
0.27498
0.26854
0.25451
0.27484
0.2023
0.30753
0.23052
0.30637
0.30828
0.3267
0.28643
0.32944
0.26998
0.39631
0.37594
0.45191
0.37386
0.37233
0.25771
0.31666
0.29306
0.34568
0.34435
0.28471
0.29644
0.33852
0.34479
0.44261
0.26276
0.35058
0.20102
0.25754
0.28986
0.35052
0.40279
0.31702
0.31858
0.31287
0.32886
0.32233
0.45602
0.32703
0.33292
0.30235
0.30923
0.38988
0.45417
0.22015
0.25027
0.27688
0.41849
0.37125
0.29593
0.28642
0.34619
0.3716
0.35606
0.28775
0.33505
0.30458
0.3374
0.33187
0.35408
0.36702
0.39606
0.40719
0.51248
0.30472
0.4676
0.085732
0.39916
0.20533
0.4044
0.16307
0.40041
0.28589
0.35697
0.24999
0.57084
0.27327
0.49929
0.37891
0.35476
0.30672
0.52748
0.43647
0.48984
0.3349
0.50233
0.24392
0.48196
0.25043
0.46372
0.35983
0.30798
0.33793
0.27435
0.35078
0.3542
0.39064
0.33775
0.3533
0.32197
0.27033
0.37146
0.33664
0.32644
0.3315
0.30777
0.30695
0.26809
0.20742
0.25696
0.19923
0.24123
0.18206
0.25334
0.34599
0.29958
0.30886
0.26123
0.30716
0.27236
0.32187
0.35055
0.36363
0.43859
0.4201
0.3089
0.42033
0.3184
0.41442
0.32128
0.41805
0.24014
0.37528
0.28811
0.40627
0.2785
0.40157
0.28492
0.30913
0.31879
0.24655
0.31485
0.32278
0.29627
0.35557
0.36877
0.41116
0.4406
0.39836
0.42065
0.28066
0.38361
0.27505
0.43437
0.29848
0.41643
0.35536
0.40323
0.27045
0.46212
0.26787
0.3494
0.23398
0.34126
0.33722
0.42022
0.39903
0.40411
0.36821
0.49091
0.35904
0.39143
0.37254
0.35194
0.32072
0.39557
0.28317
0.2659
0.26755
0.33539
0.30798
0.28246
0.20592
0.28049
0.24869
0.21037
0.16141
0.15135
0.20334
0.28919
0.27577
0.31622
0.37666
0.29569
0.40444
0.51881
0.36605
0.32351
0.44356
0.47662
0.47653
0.63106
0.48197
0.50195
0.35021
0.32431
0.31217
0.33239
0.3283
0.33796
0.27385
0.24025
0.19454
0.30367
0.38094
0.43228
0.41186
0.46465
0.32742
0.33682
0.28444
0.27593
0.3335
0.08926
0.26754
0.22226
0.2832
0.16597
0.28683
0.28117
0.32359
0.31661
0.37442
0.39932
0.32712
0.14782
0.26697
0.079748
0.34724
0.15808
0.32468
0.25868
0.29004
0.21838
0.1043
0.1748
0.093415
0.18374
0.18396
0.17841
0.15332
0.14606
0.29868
0.21362
0.13878
0.03914
0.20576
0.28258
0.3784
0.39081
0.45453
0.38695
0.35831
0.1753
0.21348
0.3332
0.35915
0.3333
0.43261
0.43437
0.426
0.43097
0.42716
0.37624
0.43893
0.40097
0.42841
0.49317
0.54225
0.59549
0.52807
0.47458
0.44215
0.43262
0.29231
0.40087
0.40054
0.34939
0.34228
0.35191
0.28542
0.36537
0.2821
0.3279
0.33908
0.29722
0.23589
0.19964
0.32149
0.27093
0.28007
0.27602
0.25917
0.21789
0.40201
0.34888
0.39604
0.27911
0.30583
0.28427
0.32737
0.31394
0.40499
0.36309
0.24983
0.18787
0.23178
0.19257
0.24643
0.16244
0.15569
0.18302
0.15162
0.18595
0.15299
0.22753
0.16943
0.20228
0.32655
0.26604
0.18538
0.28802
0.35025
0.36023
0.23963
0.30993
0.32509
0.29599
0.33888
0.29629
0.27001
0.23147
0.28388
0.2893
0.33745
0.22747
0.20387
0.26877
0.28332
0.22832
0.28073
0.29765
0.30338
0.23678
0.28604
0.31908
0.31097
0.38854
0.31088
0.3533
0.51103
0.31695
0.40393
0.22654
0.48864
0.38154
0.44357
0.38732
0.26017
0.231
0.12357
0.29956
0.16648
0.16949
0.16428
0.21758
0.15577
0.29301
0.2319
0.22127
0.22161
0.3567
0.34309
0.29386
0.23292
0.31187
0.27113
0.31332
0.39439
0.47214
0.34361
0.30667
0.34503
0.25592
0.64638
0.79036
0.41813
0.62088
0.58139
0.37949
0.75262
0.41087
0.68221
0.4262
0.43791
0.38499
0.51941
0.58242
0.52326
0.65423
0.57272
0.66078
0.35498
0.52687
0.50825
0.48096
0.43809
0.49382
0.31126
0.55203
0.39116
0.57518
0.48984
0.34144
0.36171
0.2903
0.58823
0.28131
0.43858
0.28374
0.32862
0.45533
0.4143
0.4287
0.33846
0.30436
-0.009026
0.093213
0.1464
-0.033829
0.3492
0.19909
0.21526
0.36325
0.26166
0.71539
0.68576
0.7385
0.53156
0.43692
0.75478
0.30453
0.49563
0.4337
0.14421
0.35743
0.3328
0.59495
0.25503
0.45996
0.5763
0.68348
0.61411
0.76112
0.65591
0.38782
0.68633
0.48553
0.52727
0.70012
0.66856
0.44573
0.63092
0.54958
0.37056
0.51164
0.36874
0.34416
0.32541
0.28024
0.50665
0.14286
0.4608
0.27489
0.36956
0.3879
0.26749
0.40371
0.55145
0.62852
0.6198
0.21703
0.15869
0.19436
0.32328
0.3527
0.13481
0.4154
0.048257
0.29963
0.1685
0.099723
0.24482
0.20577
0.16869
0.22044
0.47167
0.62289
0.61679
0.56642
0.74915
0.74844
0.5759
0.77736
0.51797
0.67108
0.62179
0.72768
0.66528
0.38517
0.53867
0.72794
0.5142
0.67131
0.54322
0.48431
0.78914
0.30634
0.56028
0.311
0.54059
0.46685
0.51691
0.36822
0.62009
0.286
0.38437
0.51439
0.41444
0.45233
0.45054
0.58916
0.6974
0.46715
0.68358
0.46877
0.5489
0.35096
0.44264
0.54669
0.57305
0.60906
0.5385
0.21901
0.47089
0.7814
0.77195
0.16894
0.50368
0.63205
0.2305
0.5871
0.18838
0.39026
0.13106
0.35966
0.25408
0.34015
0.23106
0.28185
0.28037
0.59015
0.52311
0.48514
0.45826
0.43446
0.50658
0.59272
0.44776
0.66679
0.37267
0.58992
0.37692
0.45852
0.41468
0.44362
0.45178
0.56266
0.53349
0.57848
0.67247
0.50457
0.626
0.47611
0.36368
0.64198
0.79694
0.41518
0.54069
0.38861
0.48579
0.42933
0.53403
0.34564
0.33811
0.39857
0.63608
0.69681
0.45653
0.41203
0.54545
0.53545
0.45374
0.66698
0.3253
0.53195
0.40575
0.49158
0.4459
0.58022
0.55913
0.57997
0.69964
0.52275
0.63231
0.62542
0.75967
0.60325
0.797
0.7501
0.5942
0.74828
0.62609
0.6311
0.61058
0.6155
0.63239
0.58554
0.66659
0.39103
0.13135
0.55409
0.28658
0.25322
0.27638
0.3101
0.10759
0.35101
0.15658
0.2819
0.15381
0.31477
0.70359
0.34656
0.50675
0.55469
0.57752
0.73963
0.73017
0.60663
0.7844
0.28904
0.35574
0.29298
0.3106
0.27986
0.024973
0.39942
0.32833
0.43248
0.4502
0.56223
0.44276
0.42592
0.18477
0.65689
0.27425
0.72323
0.79528
0.15912
0.69708
0.31484
0.6333
0.40628
0.48366
0.58994
0.56991
0.40867
0.6507
0.44874
0.50074
0.42936
0.51721
0.3959
0.49543
0.31561
0.54396
0.1143
0.41185
0.22904
0.42003
0.44225
0.35979
0.36639
0.4572
0.5293
0.50167
0.6303
0.66874
0.60511
0.52153
0.60101
0.40857
0.41041
0.4555
0.45266
0.3847
0.56799
0.19297
0.33185
0.14369
0.4169
0.20532
0.41995
0.38084
0.38667
0.45704
0.53155
0.23468
0.53851
0.30403
0.47275
0.50747
0.67136
0.59607
0.71204
0.74
0.63028
0.69577
0.36921
0.46741
0.36176
0.2874
0.36762
0.30756
0.46444
0.37879
0.50296
0.703
0.27098
0.63079
0.54799
0.33111
0.52802
0.28895
0.32904
0.15982
0.50509
0.09368
0.39101
0.1728
0.3094
0.54437
0.49331
0.5519
0.74382
0.40796
0.54471
0.49094
0.37134
0.51587
0.412
0.58804
0.57805
0.46003
0.66997
0.45646
0.5988
0.76305
0.69165
0.60934
0.56775
0.72501
0.36857
0.31537
0.22899
0.56659
0.62888
0.2081
0.55312
0.16324
0.36911
-0.00685
0.18927
0.18013
0.24659
0.43348
0.58203
0.40991
0.1697
0.41597
0.3106
0.4319
0.49815
0.37153
0.34669
0.30939
0.34982
0.15508
0.4129
0.53427
0.4364
0.43832
0.42865
0.42944
0.34313
0.3788
0.39869
0.33256
0.37297
0.33517
0.37479
0.38134
0.39051
0.42533
0.43015
0.4353
0.37254
0.44669
0.46577
0.74837
0.79492
0.72276
0.62014
0.65768
0.76792
0.71642
0.79096
0.76642
0.77356
0.75917
0.73193
0.46325
0.61835
0.6008
0.50052
0.46559
0.42603
0.51839
0.53029
0.52882
0.6968
0.55278
0.67409
0.57693
0.53084
0.51286
0.67936
0.59606
0.61244
0.61776
0.40992
0.45807
0.55777
0.54804
0.48469
0.6171
0.59155
0.54524
0.62796
0.47269
0.48307
0.57962
0.52687
0.47409
0.4993
0.58213
0.60879
0.61147
0.69618
0.60219
0.56871
0.43579
0.46461
0.47671
0.54694
0.39026
0.34281
0.40291
0.51126
0.44246
0.69046
0.61023
0.7647
0.76208
0.74056
0.73909
0.5525
0.50612
0.41899
0.61726
0.54788
0.7255
0.64313
0.68163
0.6881
0.29391
0.24876
0.45041
0.28433
0.35184
0.32583
0.31143
0.37094
0.49214
0.47742
0.34806
0.47606
0.37836
0.20754
0.41197
0.27559
0.32824
0.22975
0.33751
0.43384
0.44047
0.42042
0.61614
0.54045
0.66074
0.56294
0.52509
0.45553
0.38039
0.41971
0.37705
0.46699
0.46717
0.47945
0.61726
0.68078
0.64618
0.49433
0.4134
0.4228
0.73145
0.66006
0.75706
0.75211
0.72091
0.35264
0.54202
0.5513
0.7284
0.61868
0.63374
0.49555
0.55078
0.4827
0.51573
0.57747
0.52152
0.48165
0.56732
0.4794
0.63058
0.57781
0.55106
0.45977
0.53423
0.58466
0.44098
0.614
0.60968
0.74431
0.6443
0.58294
0.56774
0.52097
0.51581
0.35089
0.47081
0.54107
0.32254
0.60904
0.48147
0.4917
0.43976
0.55119
0.63468
0.41378
0.34872
0.46435
0.45999
0.45511
0.50926
0.48113
0.42999
0.33605
0.35032
0.32242
0.39552
0.47574
0.55106
0.78282
0.75243
0.73532
0.58603
0.48363
0.45922
0.34289
0.50056
0.49871
0.63484
0.54287
0.5127
0.68951
0.6651
0.65575
0.71934
0.66399
0.58396
0.68915
0.6762
0.43172
0.27404
0.43826
0.46109
0.43447
0.40119
0.37902
0.45067
0.39479
0.37762
0.41507
0.36805
0.26479
0.070856
0.33336
0.13529
0.40118
0.31801
0.39478
0.36451
0.36624
0.22619
0.32493
0.30337
0.39761
0.36688
0.38652
0.37165
0.34024
0.2491
0.26069
0.24911
0.29322
0.29058
0.41419
0.23161
0.36238
0.36291
0.25087
0.15376
0.653
0.63502
0.55857
0.68765
0.56357
0.71657
0.75905
0.74302
0.61885
0.75064
0.74601
0.59625
0.66115
0.43282
0.40202
0.2846
0.76886
0.72016
0.7042
0.63816
0.64525
0.51393
0.59708
0.52506
0.48727
0.61248
0.62807
0.77845
0.48703
0.5827
0.47708
0.56561
0.59241
0.72434
0.59403
0.5105
0.48804
0.54682
0.46616
0.4396
0.44535
0.49966
0.46819
0.58283
0.45625
0.64539
0.54327
0.7217
0.67456
0.7389
0.36372
0.48496
0.45085
0.6667
0.48466
0.63507
0.58088
0.61414
0.64257
0.48742
0.59032
0.41371
0.43263
0.59505
0.38588
0.48462
0.44545
0.44784
0.39057
0.45465
0.65166
0.46835
0.65548
0.6737
0.79778
0.73974
0.77663
0.55274
0.57492
0.50328
0.51711
0.56802
0.45875
0.53184
0.44511
0.5147
0.51529
0.51562
0.77069
0.78553
0.72112
0.69592
0.72008
0.66217
0.03442
0.24239
0.21929
0.46065
0.3754
0.42294
0.45194
0.41518
0.44907
0.25241
0.35022
0.45633
0.1927
0.49965
0.24333
0.49421
0.34019
0.51008
0.42798
0.2783
0.31464
0.3438
0.41908
0.37801
0.32341
0.29604
0.28601
0.23097
0.12044
0.14836
0.17049
0.17213
0.24366
0.10038
0.30075
0.20431
0.33656
0.24077
0.28391
0.30753
0.40575
0.51874
0.40119
0.45232
0.40657
0.58078
0.66366
0.73115
0.69489
0.70311
0.68383
0.71955
0.73976
0.7336
0.44568
0.76567
0.76895
0.7168
0.7219
0.64905
0.71569
0.52604
0.44561
0.68321
0.63549
0.75137
0.71248
0.75014
0.49598
0.37868
0.72184
0.67109
0.73036
0.63208
0.69144
0.6629
0.63568
0.52475
0.42143
0.43876
0.48716
0.43017
0.60283
0.44588
0.48213
0.45165
0.56112
0.62318
0.50291
0.40954
0.34203
0.68252
0.64843
0.66654
0.64155
0.67194
0.65906
0.51126
0.58351
0.59415
0.65407
0.5261
0.64562
0.64853
0.25607
0.28707
0.21925
0.26826
0.2704
0.43063
0.54702
0.53056
0.56955
0.57884
0.7035
0.56065
0.52179
0.47511
0.44027
0.54017
0.36108
0.40561
0.31861
0.35408
0.33572
0.46338
0.51246
0.47422
0.56453
0.55386
0.6719
0.76834
0.12509
-0.064072
0.34851
0.21114
0.25915
0.41014
0.28905
0.15726
0.27245
0.13425
0.16385
0.30246
0.45139
0.27382
0.54373
0.10107
0.33362
0.30572
0.31939
0.3821
0.42624
0.23859
0.24249
0.18361
0.17503
0.38233
0.32145
0.38319
0.36442
0.39852
0.43579
0.37443
0.53941
0.50367
0.51826
0.35195
0.34046
0.28686
0.65351
0.57759
0.58925
0.47073
0.5781
0.58482
0.65329
0.75765
0.69801
0.78467
0.66831
0.64629
0.70591
0.68111
0.65929
0.74966
0.73354
0.74909
0.76596
0.76762
0.7521
0.34141
0.54243
0.48711
0.74441
0.57742
0.63712
0.56459
0.66279
0.55053
0.49225
0.56752
0.42773
0.36835
0.48951
0.40475
0.56226
0.72487
0.73877
0.47768
0.50546
0.452
0.41853
0.53317
0.36388
0.6617
0.57819
0.68836
0.53814
0.39012
0.63421
0.26133
0.37095
0.40742
0.31271
0.58715
0.60472
0.77433
0.75661
0.61084
0.38318
0.43884
0.46236
0.50904
0.5788
0.58309
0.59634
0.5625
0.4808
0.46895
0.46076
0.4125
0.37984
0.34802
0.49807
0.43003
0.49474
0.38589
0.43223
0.48442
0.61612
0.7961
0.69996
0.74519
0.79508
0.77167
0.61645
0.58239
0.52493
0.5535
0.66966
0.63794
0.70512
0.67779
0.66467
0.062797
-0.079267
-0.024498
0.070517
0.22113
0.26131
0.38552
0.47831
0.32967
0.29612
0.26103
0.29586
0.42782
0.1259
0.33228
0.11448
0.35322
0.24076
0.42055
0.24718
0.24945
0.41075
0.46036
0.4737
0.44655
0.39816
0.32664
0.24927
0.35141
0.25143
0.35724
0.4217
0.41918
0.58727
0.494
0.62592
0.52239
0.41355
0.3553
0.79945
0.68827
0.6478
0.54171
0.7441
0.79944
0.76686
0.77878
0.76933
0.73533
0.74891
0.47922
0.67346
0.52173
0.65294
0.70787
0.67295
0.55533
0.54243
0.49533
0.47654
0.50569
0.38078
0.4776
0.55548
0.49681
0.6635
0.53276
0.59013
0.42597
0.60667
0.53916
0.63917
0.30624
0.60837
0.49915
0.58449
0.50275
0.55646
0.72611
0.3598
0.48183
0.50846
0.51381
0.65812
0.44502
0.61937
0.42594
0.45834
0.48309
0.70449
0.59514
0.68107
0.55424
0.45498
0.32028
0.38574
0.51553
0.33956
0.4374
0.54297
0.38937
0.6522
0.56608
0.56001
0.47303
0.56733
0.72091
0.46903
0.40796
0.59875
0.66401
0.74166
0.7274
0.71836
0.67339
0.62798
0.5556
0.63721
0.61248
0.29733
0.392
0.30712
0.68647
0.78956
0.6553
0.49842
0.2913
0.29987
0.29213
0.29334
0.41211
0.20639
0.53098
0.53728
0.41345
0.22077
0.28818
0.44526
0.61635
0.55446
0.59195
0.49206
0.48637
0.41525
0.37538
0.36532
0.56226
0.64736
0.46523
0.5829
0.48732
0.6277
0.37591
0.29804
0.2592
0.40504
0.35083
0.42884
0.37703
0.38316
0.29085
0.27689
0.29491
0.16926
0.17674
0.26158
0.30776
0.41137
0.4175
0.40712
0.21329
0.29108
0.22164
0.31059
0.28487
0.43053
0.40912
0.45992
0.59404
0.49298
0.49851
0.43378
0.47465
0.39918
0.35791
0.20481
0.14734
0.084106
0.01195
0.12262
0.14993
0.12887
0.27261
0.25326
0.25762
0.19274
0.24137
0.17641
0.26691
0.3222
0.14608
0.22486
0.19038
0.22094
0.18142
0.29612
0.26612
0.34783
0.29453
0.27511
0.27823
0.25495
0.33256
0.31344
0.44758
0.35327
0.35833
0.36725
0.30665
0.40869
0.39463
0.42052
0.40838
0.2328
0.30827
0.28181
0.28743
0.22799
0.28237
0.26803
0.31658
0.47748
0.46671
0.45445
0.54729
0.54627
0.6249
0.63702
0.63333
0.62069
0.76992
0.77225
0.66905
0.70351
0.69035
0.5897
0.61336
0.54344
0.50986
0.4271
0.52834
0.37911
0.51283
0.43139
0.72304
0.69161
0.5709
0.4982
0.40181
0.3353
0.30786
0.35037
0.31692
0.28328
0.33424
0.38275
0.47905
0.29166
0.23337
0.40003
0.45045
0.40836
0.37797
0.37046
0.48548
0.37497
0.28428
0.32868
0.76678
0.30033
0.55938
0.59408
0.33319
0.62755
0.37927
0.36287
0.37605
0.36651
0.38594
0.44086
0.3949
0.39822
0.25238
0.365
0.49087
0.58648
0.7581
0.45757
0.34355
0.31482
0.21326
0.26276
0.11795
0.30196
0.29492
0.35054
0.37512
0.46719
0.19446
0.37159
0.2329
0.46472
0.35476
0.40457
0.43321
0.30816
0.25235
0.30917
0.33651
0.23183
0.24832
0.3333
0.17816
0.23004
0.22355
0.30017
0.31339
0.3054
0.26753
0.37245
0.61944
0.56037
0.59888
0.62541
0.52319
0.66395
0.57581
0.4978
0.42055
0.54412
0.48243
0.49171
0.54941
0.43345
0.4535
0.44953
0.45252
0.45538
0.47641
0.51426
0.59099
0.7902
0.78741
0.76675
0.70831
0.58603
0.64122
0.66035
0.62178
0.69418
0.5136
0.63017
0.67462
0.72824
0.69776
0.78613
0.60777
-0.023528
-0.04674
-0.032784
0.11846
0.13845
0.067687
-0.14715
0.11507
0.24652
0.23983
0.29338
0.33331
0.23839
0.26849
0.33406
0.2478
0.34403
0.30155
0.36002
0.29047
0.37312
0.36296
0.26094
0.10245
0.17425
0.21736
0.23962
0.29595
0.38742
0.45984
0.42008
0.35876
0.25254
0.34044
0.29008
0.19885
0.36532
0.19758
0.27431
0.26718
0.20424
0.096318
0.19221
0.2966
0.066768
0.21485
0.13896
0.14418
0.21349
0.22316
0.2142
0.30883
0.26896
0.31756
0.43431
0.47752
0.44392
0.3854
0.38632
0.31594
0.37933
0.34279
0.379
0.30675
0.31778
0.31815
0.31776
0.46029
0.53393
0.69171
0.65287
0.63057
0.51727
0.36794
0.33346
0.19629
0.25842
0.21419
0.31821
0.34378
0.34455
0.36977
0.30727
0.32773
0.32977
0.39203
0.27483
0.27363
0.24475
0.15868
0.34254
0.33022
0.47156
0.44111
0.36286
0.30762
0.36763
0.25365
0.27972
0.33957
0.23824
0.31921
0.20821
0.27471
0.23246
0.30592
0.34236
0.2602
0.27406
0.16521
0.1248
0.16219
0.07619
0.24017
0.17983
0.36287
0.37459
0.40179
0.36646
0.41666
0.50959
0.57012
0.53651
0.52786
0.5135
0.52238
0.41072
0.4839
0.39388
0.4859
0.54136
0.50379
0.50906
0.46804
0.48569
0.56191
0.50559
0.57574
0.57096
0.57312
0.57424
0.54265
0.55176
0.37677
0.32949
0.23805
0.29876
0.37678
0.53856
0.72545
0.70086
0.59999
0.50236
0.37974
0.30342
0.278
0.18838
0.28939
0.27968
0.35605
0.34738
0.48026
0.52837
0.55293
0.53821
0.42033
0.48078
0.55943
0.36985
0.23126
0.32651
0.28869
0.3072
0.37159
0.38702
0.44051
0.24457
0.35064
0.20102
0.29091
0.40317
0.33372
0.56241
0.56579
0.56254
0.57279
0.53769
0.48736
0.59992
0.46971
0.4248
0.42321
0.34162
0.41368
0.33798
0.38204
0.28682
0.17035
0.33877
0.35152
0.45623
0.38088
0.33056
0.46774
0.33953
0.41009
0.38097
0.41569
0.40729
0.04781
0.14285
0.1036
0.25324
0.23673
-0.33591
0.25938
0.35364
0.35754
0.29361
0.3949
0.3621
0.42804
0.43082
0.40684
0.59448
0.52209
0.53847
0.49192
0.48836
0.49426
0.49292
0.30718
0.3914
0.30811
0.43022
0.44504
0.40308
0.48525
0.40295
0.34709
0.46103
0.5425
0.3593
0.46949
0.44361
0.4325
0.69218
0.76799
0.7956
0.7372
0.41937
0.53598
0.51877
0.63192
0.65473
0.67057
0.59412
0.63123
0.75706
0.79246
0.75408
0.78109
0.76403
0.75521
0.7072
0.61953
0.2652
0.25119
0.24818
0.30555
0.2477
0.28197
0.37739
0.28584
0.33061
0.3599
0.29858
0.15471
0.17627
0.2521
0.24871
0.24624
0.32641
0.35988
0.33615
0.41777
0.36931
0.29408
0.2147
0.17691
-0.037958
0.16035
0.20319
0.26466
0.29334
0.27199
0.30705
0.32819
0.38053
0.22484
0.29228
0.22234
0.24153
0.32766
0.20838
0.29715
0.19791
0.30127
0.18181
0.1998
0.21772
0.3365
0.22045
0.30699
0.29344
0.3153
0.2342
0.29135
0.26169
0.37287
0.31171
0.34379
0.39576
0.3663
0.32319
0.27048
0.16098
0.18407
0.20842
0.24595
0.30841
0.26358
0.37721
0.34506
0.42123
0.58129
0.55456
0.56595
0.5067
0.51956
0.50496
0.40582
0.34376
0.179
0.11844
0.1758
0.13786
0.18894
0.26256
0.25136
0.27093
0.28324
0.41333
0.3512
0.36537
0.28074
0.26666
0.2454
0.18576
0.27089
0.15475
0.27897
0.21384
0.25345
0.32284
0.31325
0.27562
0.28491
0.40688
0.22417
0.26211
0.26705
0.34822
0.23688
0.28841
0.47331
0.35629
0.36711
0.26447
0.25473
0.25447
0.21318
0.36793
0.23353
0.33581
0.23226
0.23854
0.26391
0.45731
0.53083
0.66996
0.64466
0.77367
0.71176
0.73153
0.63587
0.75342
0.61747
0.57182
0.48912
0.46276
0.43303
0.43656
0.65275
0.54291
0.7791
0.65083
0.68728
0.78715
0.1688
0.078639
0.24226
0.30087
0.50086
0.5695
0.61085
0.39864
0.50481
0.47325
0.54394
0.55291
0.49477
0.41028
0.29696
0.2772
0.2187
0.25711
0.46193
0.49306
0.57721
0.52301
0.68078
0.62093
0.30046
0.32399
0.41898
0.47922
0.52194
0.3603
0.42134
0.56511
0.49938
0.3944
0.45797
0.55122
0.39195
0.49531
0.38983
0.51087
0.63296
0.56449
0.7956
0.38276
0.5278
0.47207
0.50384
0.45468
0.43821
0.44406
0.53952
0.54955
0.47907
0.48023
0.46823
0.42272
0.46514
0.50037
0.55728
0.58842
0.58802
0.50681
0.44729
0.39084
0.50116
0.43588
0.39161
0.31837
0.47209
0.34163
0.34246
0.40289
0.36597
0.47197
0.527
0.4303
0.47829
0.46569
0.46906
0.47225
0.45022
0.35814
0.43103
0.4408
0.37809
0.50035
0.48672
0.57487
0.50991
0.52722
0.42404
0.52969
0.25346
0.2762
0.48246
0.47124
0.42046
0.49814
0.47634
0.52418
0.47104
0.56239
0.38598
0.41443
0.29025
0.35066
0.42947
0.37138
0.43927
0.41558
0.31946
0.258
0.27704
0.37125
0.44405
0.51213
0.57581
0.65942
0.62635
0.74727
0.78847
0.71505
0.72925
0.66043
0.56607
0.71219
0.66278
0.7995
0.78283
0.71241
0.6867
0.18627
0.14047
0.22295
0.11389
0.14942
0.1993
0.35198
0.35312
0.33501
0.30431
0.23483
0.24355
0.27724
0.33872
0.36592
0.32627
0.45905
0.4203
0.35157
0.31247
0.31966
0.36019
0.004124
0.10111
0.13242
0.18625
0.12692
0.094773
0.1002
0.13431
0.20892
0.16717
0.32093
0.20416
0.32784
0.19663
0.14115
0.21436
0.11366
0.31928
0.35298
0.37166
0.34012
0.35907
0.39283
0.36455
0.47027
0.45973
0.53743
0.36843
0.40141
0.4657
0.3251
0.45672
0.60081
0.59494
0.74557
0.73467
0.66347
0.57203
0.55698
0.40753
0.42648
0.39496
0.39099
0.41123
0.28915
0.22995
0.28429
0.26645
0.29325
0.39904
0.16619
0.1985
0.17349
0.18329
0.34192
0.32924
0.41892
0.48984
0.45198
0.45907
0.36666
0.35541
0.32692
0.3001
0.28613
0.28205
0.3233
0.30365
0.43316
0.41007
0.31257
0.28335
0.34663
0.34047
0.12448
0.1749
0.25768
0.34562
0.22187
0.33038
0.23022
0.35579
0.2945
0.35149
0.38946
0.18855
0.27156
0.13243
0.194
0.22339
0.158
0.22819
0.14408
0.29401
0.26816
0.31597
0.24617
0.25137
0.51785
0.47815
0.50464
0.64943
0.65743
0.73984
0.63961
0.62895
0.47165
0.48707
0.45137
0.39372
0.31423
0.40249
0.44756
0.42489
0.37067
0.60086
0.52357
0.54378
0.55629
0.69672
0.71875
0.61068
0.15972
0.21791
0.20386
0.39063
0.34749
0.39693
0.39162
0.55958
0.61584
0.71846
0.68583
0.63029
0.54187
0.45795
0.38877
0.45381
0.44149
0.4516
0.40779
0.47616
0.40232
0.41131
0.3874
0.3195
0.39771
0.53275
0.51391
0.5926
0.62165
0.6419
0.67716
0.57055
0.45117
0.57779
0.64077
0.34175
0.50786
0.41231
0.39296
0.48517
0.3483
0.64878
0.70307
0.59807
0.49649
0.53416
0.41558
0.12186
0.038441
0.05386
-0.014421
0.070809
-0.040015
0.00095827
0.023245
0.011805
0.21699
0.18833
0.34026
0.4098
0.36657
0.35558
0.34664
0.53726
0.497
0.54511
0.45934
0.45071
0.49175
0.26995
0.17663
0.32577
0.21112
0.28997
0.21834
0.31879
0.26634
0.28875
0.30385
0.25987
0.26506
0.24437
0.18533
0.32938
0.22538
0.41209
0.31157
0.29686
0.13165
0.31073
0.28702
0.36956
0.19946
0.35175
0.30962
0.33444
0.26018
0.46578
0.47621
0.43985
0.46615
0.35172
0.33674
0.334
0.26279
0.28562
0.22178
0.33781
0.28968
0.45085
0.44863
0.49694
0.35005
0.50673
0.50984
0.6752
0.59374
0.53084
0.54944
0.61694
0.62659
0.68755
0.75227
0.61406
0.68244
0.49448
0.50182
0.5459
0.54508
0.71632
0.77785
0.69097
0.23683
0.28521
0.25119
0.38543
0.33922
0.37842
0.34383
0.39006
0.43223
0.38584
0.3361
0.25736
0.25967
0.27188
0.16446
0.36087
0.2103
0.33831
0.17651
0.23122
0.21961
0.22766
0.008541
0.19471
0.40573
0.3306
0.28837
0.34003
0.31324
0.23263
0.26669
0.21849
0.32058
0.28627
0.33188
0.29006
0.2663
0.33931
0.29213
0.42272
0.44273
0.23308
0.03127
0.11526
0.21195
0.13005
0.26591
0.26697
0.20019
0.37503
0.38204
0.53703
0.61419
0.23819
0.26035
0.20081
0.26572
0.15033
0.23293
0.20687
0.26476
0.3102
0.50903
0.50286
0.51837
0.49315
0.37724
0.30108
0.29497
0.1823
0.24359
0.19315
0.22659
0.15588
0.26665
0.24839
0.234
0.30661
0.30735
0.52179
0.34225
0.46232
0.41123
0.47359
0.28123
0.3335
0.32332
0.29753
0.41213
0.55529
0.47339
0.46766
0.46239
0.41078
0.42136
0.3376
0.44462
0.34971
0.39906
0.45427
0.45489
0.48905
0.45504
0.49578
0.47025
0.48886
0.41364
0.25209
0.15767
0.22444
0.21107
0.3239
0.30917
0.32065
0.24148
0.25304
0.25136
0.51702
0.3696
0.4431
0.25791
0.36811
0.38268
0.39253
0.37566
0.20102
0.55214
0.48419
0.34102
0.43984
0.42577
0.58984
0.60175
0.65578
0.57369
0.73259
0.63172
0.64125
0.61141
0.46078
0.54928
0.55017
0.53585
0.73702
0.58539
0.68232
0.59052
0.60194
0.5188
0.16305
0.17568
0.22617
0.16744
0.34276
0.39563
0.487
0.55477
0.36693
0.43922
0.22758
0.098933
0.13702
0.092993
0.051639
0.00079745
0.14149
0.20056
0.208
0.39465
0.4787
0.44049
0.35111
0.40308
0.35493
0.23211
0.3748
0.32599
0.3191
0.40635
0.48614
0.27858
0.23957
0.33399
0.3734
0.33295
0.32449
0.33332
0.34235
0.2992
0.29798
0.26389
0.23635
0.22583
0.20466
0.25845
0.2882
0.2635
0.32164
0.34816
0.34024
0.32919
0.34415
0.29729
0.29015
0.31887
0.32804
0.32065
0.23054
0.28114
0.26517
0.26557
0.27847
0.23176
0.23562
0.24167
0.24232
0.1882
0.27589
0.24222
0.36486
0.35449
0.37126
0.29531
0.32614
0.26164
0.2541
0.52154
0.50731
0.46269
0.58364
0.533
0.56073
0.4742
0.50747
0.452
0.4444
0.41396
0.40562
0.41525
0.42782
0.40199
0.40149
0.34339
0.39454
0.34769
0.29574
0.32117
0.32081
0.40665
0.44169
0.45267
0.40795
0.51509
0.56091
0.54971
0.56366
0.49736
0.52139
0.43949
0.43523
0.37608
0.43924
0.44946
0.50522
0.43245
0.46087
0.38681
0.49439
0.45372
0.33492
0.5208
0.39973
0.46354
0.38915
0.45821
0.38417
0.52172
0.37535
0.54537
0.3701
0.42944
0.29964
0.26702
0.32711
0.44628
0.43973
0.23118
0.30941
0.29479
0.32829
0.30082
0.32716
0.28242
0.32815
0.38106
0.36112
0.29902
0.25324
0.25057
0.37857
0.27155
0.33247
0.36836
0.46943
0.090829
0.16408
0.12445
0.20566
0.2358
0.16955
0.18278
0.14892
0.13392
0.12407
0.064979
0.051172
0.011611
0.044817
-0.007501
-0.0074892
0.071826
-0.0067284
0.036159
-0.020257
0.016747
0.095968
0.041184
0.10041
0.078429
0.052205
0.082481
0.04888
0.14417
0.072126
0.1871
0.17038
0.1796
0.058965
0.19426
0.11806
0.2076
0.16504
0.10578
0.077608
0.080439
0.15933
0.085182
0.17315
0.25483
0.23883
0.38671
0.38963
0.37333
0.32054
0.3259
0.29846
0.29342
0.27518
0.29519
0.33538
0.34595
0.28724
0.28698
0.28687
0.39947
0.42807
0.41902
0.33185
0.31192
0.32864
0.28544
0.25303
0.19783
0.17263
0.10972
0.1945
0.14719
0.24997
0.21911
0.2308
0.29269
0.36771
0.3852
0.34777
0.25342
0.39722
0.39582
0.44039
0.36792
0.39361
0.33378
0.31984
0.33949
0.36555
0.42719
0.41148
0.34619
0.2572
0.26712
0.18505
0.21856
0.29174
0.30706
0.32565
0.34499
0.42314
0.4434
0.51005
0.42189
0.34823
0.29901
0.32174
0.42809
0.34429
0.19528
0.14584
0.10405
0.16465
0.15756
0.18779
0.21822
0.17395
0.18189
0.18026
0.20856
0.18487
0.21343
0.29637
0.18206
0.15234
0.11568
0.16303
0.33158
0.36126
0.38307
0.31498
0.38014
0.43745
0.41108
0.39143
0.29504
0.45325
0.50536
0.52083
0.3608
0.49086
0.43544
0.48438
0.50173
0.47263
0.39487
0.42662
0.39967
0.3951
0.45733
0.35467
0.36047
0.43661
0.35638
0.55524
0.36444
0.42098
0.52574
0.41126
0.44762
0.43022
0.35617
0.3684
0.32834
0.35317
0.26634
0.21552
0.1896
0.23066
0.14334
0.23191
0.34237
0.29217
0.24281
0.17282
0.22351
0.22327
0.21708
0.21298
0.22094
0.13042
0.22428
0.21567
0.24103
0.2832
0.36622
0.32218
0.26891
0.23247
0.17829
0.34184
0.37041
0.44712
0.37159
0.41234
0.38908
0.46677
0.39632
0.36123
0.33805
0.32883
0.44903
0.34188
0.29287
0.28889
0.40062
0.36731
0.54113
0.57108
0.46345
0.50544
0.3653
0.53238
0.46654
0.27269
0.29042
0.30067
0.34085
0.37861
0.40695
0.4381
0.4276
0.4009
0.40884
0.39049
0.44223
0.49215
0.48814
0.40536
0.42136
0.35732
0.39513
0.38367
0.30205
0.25371
0.33998
0.3475
0.35211
0.29015
0.34668
0.33379
0.4048
0.35607
0.36187
0.32901
0.37671
0.33167
0.34743
0.37715
0.3548
0.36721
0.39215
0.31884
0.35562
0.35084
0.33901
0.38564
0.30566
0.31177
0.36524
0.27866
0.50171
0.54205
0.59152
0.5855
0.51832
0.65628
0.61949
0.61647
0.58521
0.61544
0.52868
0.52082
0.48861
0.45985
0.40204
0.38196
0.34087
0.43263
0.49022
0.50344
0.47036
0.43747
0.42917
0.47252
0.5265
0.45328
0.52891
0.4818
0.39475
0.35754
0.32316
0.38845
0.46376
0.41407
0.43579
0.41489
0.53067
0.43731
0.41143
0.38929
0.36849
0.43317
0.45269
0.48269
0.41084
0.42402
0.42112
0.43989
0.4356
0.4609
0.3833
0.36
0.39878
0.48824
0.44243
0.48203
0.49895
0.45934
0.40442
0.43395
0.4395
0.48208
0.36966
0.4677
0.4427
0.46882
0.43248
0.50061
0.39871
0.38419
0.38579
0.34351
0.31214
0.46228
0.33612
0.4233
0.64061
0.47509
0.35663
0.37825
0.31439
0.35357
0.33052
0.28275
0.35822
0.33003
0.37235
0.18733
0.33627
0.335
0.37869
0.19864
0.25755
0.21134
0.39204
0.31782
0.43212
0.38086
0.36233
0.36949
0.39982
0.40458
0.40053
0.39687
0.33497
0.36138
0.41296
0.36815
0.28891
0.32974
0.39076
0.36494
0.35297
0.37286
0.35458
0.24225
0.28772
0.40408
0.39418
0.35809
0.30735
0.28758
0.30226
0.30407
0.28762
0.31128
0.26797
0.2376
0.33739
0.31026
0.33991
0.2868
0.261
0.2029
0.22463
0.238
0.25723
0.27752
0.27191
0.16879
0.27379
0.21742
0.2732
0.23028
0.28462
0.25997
0.33803
0.29731
0.31095
0.28139
0.31581
0.29841
0.27858
0.26882
0.27557
0.38882
0.33439
0.25907
0.28863
0.36247
0.27631
0.25827
0.25898
0.22526
0.25476
0.25359
0.1811
0.228
0.16785
0.15346
0.14809
0.2735
0.28549
0.3287
0.28623
0.3313
0.21109
0.20599
0.14675
0.23569
0.18387
0.27778
0.23413
0.24319
0.1704
0.091611
0.18243
0.27963
0.23073
0.17873
0.23812
0.28327
0.27748
0.27338
0.33264
0.24248
0.26716
0.28024
0.22468
0.33844
0.24161
0.30661
0.29219
0.34511
0.2892
0.3366
0.2376
0.15082
0.19011
0.29841
0.32321
0.33591
0.25829
0.16144
0.20814
0.33079
0.229
0.27782
0.21691
0.26164
0.27794
0.26029
0.20742
0.22774
0.18029
0.14301
0.24747
0.30051
0.35901
0.36265
0.18889
0.31509
0.22628
0.19321
0.1917
0.22224
0.20145
0.24571
0.16693
0.14376
0.16171
0.23466
0.19446
0.023594
0.17115
0.2323
0.30538
0.12567
0.34529
0.29208
0.24228
0.25432
0.26025
0.16206
0.1373
0.11725
0.23416
0.22807
0.28331
0.21839
0.39237
0.29225
0.29683
0.33281
0.42108
0.34736
0.36191
0.20634
0.39439
0.32151
0.42359
0.11402
0.37216
0.43602
0.4462
0.42613
0.40649
0.27361
0.38728
0.46011
0.46043
0.48051
0.3744
0.37408
0.30307
0.32367
0.36165
0.41719
0.33412
0.33895
0.31281
0.37796
0.40201
0.50791
0.39894
0.4162
0.34435
0.43224
0.38409
0.41263
0.39458
0.43855
0.36022
0.32823
0.2159
0.33448
0.25665
0.32036
0.34005
0.36039
0.38015
0.34269
0.34566
0.36793
0.32991
0.41695
0.40397
0.40647
0.29722
0.3116
0.27288
0.26319
0.34362
0.53932
0.56845
0.39345
0.43933
0.38654
0.40051
0.36855
0.37166
0.2131
0.25474
0.23828
0.29018
0.26569
0.17169
0.33483
0.47034
0.38104
0.30702
0.35959
0.35434
0.40268
0.36031
0.34461
0.33621
0.33329
0.29349
0.29447
0.35729
0.31803
0.3027
0.35265
0.32418
0.32364
0.33018
0.38844
0.47231
0.45041
0.37414
0.47929
0.47238
0.42254
0.35712
0.32354
0.27327
0.27099
0.28681
0.46334
0.31184
0.28341
0.21122
0.22456
0.19753
0.19468
0.19061
0.14613
0.17194
0.12118
0.087068
0.22071
0.18885
0.24964
0.18064
0.31292
0.12684
0.20796
0.056683
0.31544
0.21111
0.21918
0.12716
0.20963
0.24889
0.2156
0.27663
0.28018
0.05298
0.14166
0.16915
0.21664
0.23103
0.22086
0.40679
0.5274
0.57441
0.5577
0.60069
0.74475
0.59138
0.57568
0.48422
0.53007
0.5302
0.5165
0.45676
0.52487
0.47255
0.46918
0.44776
0.45507
0.5054
0.54348
0.47945
0.44987
0.41098
0.4329
0.46497
0.44949
0.39994
0.48124
0.46129
0.47904
0.48685
0.52847
0.52626
0.50662
0.4786
0.411
0.3237
0.2801
0.35382
0.3878
0.32154
0.41937
0.41316
0.39366
0.31313
0.39039
0.3236
0.34279
0.34358
0.44417
0.37077
0.32815
0.35532
0.44759
0.43732
0.37108
0.38707
0.37717
0.29397
0.31636
0.28912
0.31704
0.34441
0.38759
0.38846
0.36518
0.3891
0.33717
0.27567
0.34812
0.3595
0.40779
0.32698
0.32439
0.31837
0.32095
0.28776
0.47451
0.23223
0.14981
0.18919
0.12873
0.23634
0.097445
0.15844
0.11073
0.21958
0.21887
0.25499
0.23984
0.29591
0.4157
0.48381
0.47207
0.44653
0.39974
0.36177
0.37296
0.36059
0.31029
0.26549
0.28448
0.27018
0.27062
0.44351
0.20201
0.23045
0.32507
0.29512
0.36599
0.34156
0.30821
0.20026
0.30205
0.2763
0.29672
0.16433
0.20571
0.23236
0.32166
0.21893
0.30105
0.067367
0.22105
-0.035794
0.13435
0.1106
0.1521
0.028169
0.076325
0.22008
0.2318
0.27283
0.33182
0.3323
0.42844
0.41408
0.49015
0.45517
0.49843
0.42788
0.35822
0.24547
0.30702
0.32168
0.32033
0.38342
0.30059
0.36865
0.24885
0.28798
0.25104
0.23606
0.18851
0.19199
0.10332
0.20917
0.1684
0.20392
0.25368
0.073792
0.14424
0.24757
0.28665
0.21917
0.089869
0.11734
0.13024
0.033131
0.070105
0.32308
0.4066
0.4123
0.50059
0.48189
0.53812
0.47693
0.41269
0.36943
0.48983
0.38794
0.54061
0.51498
0.40054
0.51799
0.48049
0.42061
0.52009
0.46712
0.48979
0.40439
0.34576
0.31302
0.34372
0.39729
0.51657
0.45531
0.48877
0.48807
0.62872
0.58829
0.57576
0.57988
0.53713
0.50767
0.53512
0.51701
0.48315
0.47355
0.40402
0.48365
0.38847
0.35488
0.38382
0.38549
0.41944
0.45236
0.52535
0.458
0.4807
0.43546
0.4734
0.49211
0.43273
0.36597
0.28357
0.23775
0.24795
0.19495
0.22017
0.41592
0.38733
0.50188
0.29559
0.35982
0.44953
0.42796
0.46614
0.44543
0.24217
0.38399
0.39825
0.36614
0.351
0.33044
0.38401
0.3947
0.38565
0.46977
0.3234
0.27948
0.18201
0.40275
0.35225
0.38392
0.39058
0.35071
0.25205
0.34421
0.32956
0.33386
0.32999
0.294
0.28445
0.28817
0.40413
0.49082
0.3443
0.40275
0.34745
0.3412
0.27595
0.3169
0.24511
0.28935
0.38256
0.34051
0.34041
0.30478
0.52159
0.55955
0.48377
0.45928
0.48211
0.44906
0.35735
0.33538
0.16693
0.245
0.22317
0.2178
0.20552
0.30371
0.25602
0.25261
0.2236
0.2147
0.12843
0.048532
0.13705
0.10595
0.075315
0.20699
0.25067
0.17947
0.25399
0.13483
0.21517
0.33807
0.36466
0.33789
0.30872
0.27701
0.2195
0.3204
0.265
0.20723
0.24056
0.31538
0.33598
0.28449
0.20623
0.29564
0.25266
0.23933
0.38111
0.27601
0.30042
0.2672
0.265
0.33002
0.47844
0.48158
0.39475
0.36915
0.35615
0.27572
0.351
0.29597
0.31086
0.48051
0.48773
0.40869
0.51056
0.52231
0.39682
0.54552
0.49324
0.61234
0.5588
0.53577
0.5083
0.48436
0.48014
0.48004
0.45826
0.43783
0.42831
0.56846
0.47938
0.52093
0.36849
0.44762
0.4029
0.39113
0.25255
0.34885
0.32941
0.39528
0.36986
0.34406
0.33451
0.37729
0.38291
-0.035399
-0.079454
0.009206
-0.04626
-0.015608
0.075342
0.06016
0.10287
0.1074
0.15372
0.14114
0.18805
0.17454
0.1036
0.11161
0.086633
0.10134
0.040134
0.042822
0.052212
0.046463
0.24128
0.26601
0.29627
0.26106
0.23774
0.32009
0.28313
0.2647
0.32854
0.44636
0.35604
0.3203
0.2613
0.28227
0.31714
0.30463
0.28881
0.23571
0.28424
0.30519
0.26601
0.22732
0.55593
0.3813
0.43666
0.40366
0.32644
0.28212
0.24179
0.25218
0.2965
0.37795
0.3718
0.41617
0.36982
0.32819
0.34647
0.44359
0.35323
