0.90393
0.90032
0.90018
0.82883
0.82304
0.75556
0.82775
0.76711
0.8172
0.93999
0.89638
0.78385
0.85484
0.83689
0.90372
0.8104
0.82863
0.75383
0.82119
0.78818
0.7846
0.82479
0.73626
0.75109
0.72097
0.69338
0.95503
0.88276
0.8358
0.92436
0.88358
0.81585
0.81468
0.8474
0.93523
0.83798
0.83936
0.80411
0.81707
0.82762
0.84346
0.82631
0.78915
0.86449
0.71525
0.79714
0.87268
0.95747
0.89883
0.91828
0.82362
0.71373
0.71422
0.81843
0.80982
0.73922
0.70342
0.75825
0.73281
0.713
0.70006
0.84482
0.87767
0.94773
0.88109
0.93434
0.92893
0.87113
0.85883
0.69552
0.73445
0.87266
0.87211
0.90402
0.89123
0.83204
0.72794
0.71576
0.80253
0.83549
0.77425
0.79197
0.83066
0.77735
0.72887
0.65518
0.66782
0.76351
0.87528
0.95024
0.88614
0.84981
0.8847
0.94256
0.90944
0.88621
0.88616
0.9635
0.8942
0.92013
0.77297
0.7671
0.76849
0.7937
0.7821
0.84792
0.7203
0.75634
0.71265
0.79335
0.82922
0.7221
0.73698
0.915
0.88152
1.0028
0.89383
0.86249
0.82886
0.86543
0.79244
0.8447
0.84989
0.92007
0.83414
0.90011
0.74504
0.81325
0.7136
0.82659
0.8351
0.8898
0.75948
0.74229
0.75263
0.80343
0.76752
0.73495
0.7585
0.87949
0.87943
0.96328
0.83341
0.90003
0.83821
0.92028
0.81031
0.76937
0.8146
0.84609
0.91828
0.82757
0.8639
0.82461
0.91395
0.77884
0.89997
0.9205
0.8073
0.80238
0.77921
0.77086
0.80714
0.83794
0.84188
0.91392
0.92494
0.8388
0.80371
0.86296
0.83876
0.84651
0.8665
0.91855
0.75323
0.80692
0.73002
0.70991
0.83762
0.80471
0.81869
0.80893
0.95158
0.77432
0.79989
0.73203
0.61686
0.66349
0.63786
0.69077
0.81105
0.7896
0.76213
0.74834
0.63863
0.75602
0.79322
0.68046
0.82004
0.90312
0.76101
0.7653
0.73939
0.7477
0.62395
0.64139
0.81356
0.73994
0.8651
0.81355
0.80411
0.77375
0.73399
0.60821
0.65369
0.76987
0.71366
0.81081
0.79749
0.88684
0.95116
0.90455
0.75726
0.73406
0.67494
0.78482
0.83432
0.80601
0.78648
0.83712
0.79796
0.67394
0.63158
0.69009
0.7461
0.88834
0.80438
0.89139
0.93558
0.97963
0.88492
0.87247
0.8365
0.77845
0.79569
0.83646
0.75824
0.86567
0.85677
0.78446
0.68285
0.76787
0.75248
0.80529
0.80499
0.85285
0.77573
0.6935
0.61131
0.61917
0.63336
0.77796
0.92108
0.91765
0.90469
0.99136
0.98436
1.0223
0.91964
0.85497
0.87754
0.83021
0.8304
0.87759
0.89497
0.99819
0.92008
0.96696
0.88
0.9228
0.88615
0.92817
0.82031
0.96909
0.92872
0.96598
0.94973
1.0417
0.94579
0.97947
0.90356
0.87039
0.89019
0.93592
0.94455
0.99986
1.0024
0.95797
0.77172
0.80284
0.76113
0.86111
0.8145
0.80187
0.92005
0.92139
0.99664
0.90336
0.98668
0.93777
0.98541
0.97343
1.0102
0.913
0.82586
0.81984
0.85749
0.87243
0.94389
0.95416
1.0176
0.91753
0.95126
0.82607
0.92646
0.93238
0.95438
0.95159
0.97078
1.0245
0.98958
0.92288
0.84346
0.84654
0.91187
0.87746
0.78499
0.9216
0.95792
0.92727
0.94196
0.892
1.0186
0.86264
0.79396
0.89997
0.77093
0.88916
0.8404
0.88133
0.90108
1.0208
0.94499
1.0758
0.85836
0.84544
0.85148
0.88724
0.91547
0.94873
0.93935
1.01
0.90993
0.92673
0.87554
1.0373
1.0164
0.92356
0.77918
0.84237
0.8535
0.84455
0.93649
0.94169
0.97593
0.98833
1.0803
0.9388
0.87569
0.94667
0.90247
0.96679
0.9528
1.0509
1.036
0.99645
0.94982
0.88294
0.90267
0.89167
0.90022
0.8642
0.89738
0.92407
0.9271
0.87376
0.94801
0.90758
0.91422
0.89672
0.90021
0.89994
0.95966
0.95966
0.89632
0.96679
0.90623
0.83804
0.84726
0.85948
0.84728
0.86746
0.8792
0.85781
0.92823
0.89667
0.94079
0.83839
0.9485
0.87507
1.0333
0.92118
0.85494
0.81748
0.89241
0.87251
0.89509
0.84103
0.85154
0.82264
0.95968
1.0093
1.048
0.97457
0.98963
0.9797
0.89905
0.90204
0.86137
0.8451
0.95626
0.97316
0.94322
0.89959
0.96353
0.94855
0.88539
0.82851
0.87742
0.85748
0.90937
0.8197
0.90156
0.8601
1.0922
1.0359
1.0191
0.94529
1.0163
0.93152
0.7983
0.82459
0.86109
0.81112
0.92906
0.89883
1.0169
0.95769
1.0122
1.0157
0.88816
0.91569
0.91466
0.94854
0.9326
0.95037
0.89494
0.94168
0.90828
0.93094
0.92897
0.9792
0.88301
0.85371
0.91169
0.90963
0.90571
0.95644
0.95133
0.99178
0.88694
0.83156
0.72095
0.76607
0.79568
0.90776
0.81103
0.85184
0.88446
0.88403
0.77279
0.82956
0.78663
0.8703
0.94601
0.82568
0.91988
0.8826
0.90854
0.77091
0.8512
0.90278
0.85299
0.83395
0.9093
0.87358
1.0034
0.97142
0.96602
0.91709
1.0764
1.0202
0.85277
0.8482
0.91492
0.90471
0.96035
0.94482
1.0012
0.98872
1.0258
0.96843
0.95373
1.0254
0.9531
0.9579
0.92057
0.93471
0.87371
0.92028
0.76467
0.85468
0.88397
0.94199
0.98958
1.0079
0.89241
0.94044
0.89613
0.98863
0.9328
0.95822
0.86035
0.72941
0.88291
0.87057
1.2068
1.0562
1.1361
0.88601
0.91881
0.81793
0.81281
0.79942
0.83029
0.94616
0.94452
0.98178
0.95522
0.90689
0.94961
0.80905
0.93439
0.87171
0.99077
0.96505
1.0006
0.77279
0.77204
0.82187
1.0066
1.0033
1.0998
0.94957
0.94163
0.88181
0.90724
0.71173
0.85942
0.79634
0.87891
0.87898
0.90368
0.99113
1.0069
1.0149
1.0606
0.90198
0.8279
0.89973
0.94505
0.93103
0.83467
0.85289
0.92023
0.94276
0.9116
0.84369
0.8997
0.88659
0.8733
0.88615
0.86286
0.88545
0.8356
0.865
0.91703
1.0193
1.0624
1.0207
0.96221
0.95177
0.98499
0.85602
0.82891
0.84143
0.77889
0.89378
0.91582
0.95581
0.90534
0.87035
0.82133
0.79754
0.7687
0.82335
0.82876
0.82746
0.84718
0.87662
0.87234
1.0889
1.0955
1.0432
0.99206
0.916
0.88623
0.95272
0.97887
0.93144
1.0015
0.94277
0.90638
0.9341
0.9208
0.84808
0.8485
0.87173
0.90817
0.85953
0.88333
0.90925
0.91027
0.92068
0.97532
1.0326
0.97435
0.94132
0.89431
0.93082
0.92732
0.74906
0.89113
0.8621
0.9677
0.9155
0.99083
0.95237
0.88812
0.8492
0.8695
0.89394
0.91375
0.82519
0.82684
0.77452
0.87759
0.84838
0.88697
0.87422
0.89227
0.80043
0.85548
0.88935
0.87825
0.89202
0.88898
0.90071
0.93483
0.94174
1.0133
0.95648
0.97676
0.94806
0.96971
0.9368
0.82668
0.75838
0.83206
0.81193
0.99539
0.93494
0.87781
0.85938
0.84792
0.85699
0.83021
0.87694
0.81397
0.89754
0.9205
0.85806
1.1212
1.0559
0.96213
0.87779
0.96461
0.91312
1.007
0.91652
0.9639
1.0045
1.0394
1.0795
0.98623
0.9316
0.87307
0.86678
0.81819
0.77322
0.84249
0.90493
0.93285
0.9871
0.97721
0.99491
0.95106
0.82414
0.90377
0.95876
0.99047
0.98218
0.87419
0.78918
0.82131
0.79905
0.84886
0.88191
0.88424
0.86027
0.80396
0.81567
0.79414
0.86972
0.91965
0.87827
0.92721
0.93567
1.0681
1.0479
1.0604
0.95301
0.94672
0.81802
0.88422
0.79262
0.83919
0.84765
0.90027
0.85113
0.83733
0.76766
0.75857
0.70931
0.86418
0.84689
0.77609
0.77164
0.80634
0.88462
0.82097
1.059
1.0521
1.0284
0.89238
0.86813
0.70511
0.68014
0.76971
0.84875
0.76315
0.81285
0.94927
0.96316
0.88571
0.91775
0.90092
0.9852
0.93582
0.88518
0.85
0.76788
0.75802
0.86516
0.84162
0.88246
0.86399
0.85506
0.81735
0.84396
0.82641
0.87747
0.85076
0.84122
0.86159
0.87795
0.90065
0.92519
0.9258
0.88205
0.91847
0.9867
0.98729
0.94558
0.83697
0.81068
0.78902
0.90724
0.87495
0.92358
0.71529
0.70166
0.64667
0.75215
0.85692
0.77921
0.74567
0.78699
0.83138
0.85904
0.86682
0.81709
0.72345
0.81
0.84331
0.84146
0.75865
0.69538
0.70632
0.79218
0.77249
0.84784
0.79328
0.8542
0.76989
0.83583
0.86389
0.90398
0.94337
0.85852
0.83333
0.7379
0.68393
0.71368
0.76049
0.80568
0.77121
0.86159
0.85829
0.88064
0.8365
0.887
0.90931
0.85398
0.82339
0.95143
0.79966
0.82028
0.75829
0.85801
0.738
0.80853
0.80152
0.85053
0.86881
0.88775
0.81316
0.81209
0.81196
0.80542
0.82697
0.74411
0.88045
0.84764
0.8228
0.67955
0.67175
0.71178
0.86104
0.85518
0.7878
0.75628
0.78326
0.82582
0.76089
0.77775
0.7775
0.84469
0.89095
0.80946
0.62017
0.64161
0.7996
0.78923
0.83381
0.83761
0.81578
0.81635
0.83662
0.84595
0.87233
0.87201
0.89786
0.90637
0.91454
0.88876
0.86104
0.8394
0.73746
0.80596
0.78054
0.78285
0.79757
0.80802
0.90572
0.96812
0.99856
0.9062
0.86847
0.86999
0.85143
0.89555
0.87096
0.8339
0.77698
0.85193
0.73604
0.68053
0.64697
0.71771
0.88228
0.79092
0.82011
0.91654
0.86074
0.94813
0.83594
0.86068
0.91685
0.88444
0.895
0.90075
0.84236
0.91834
0.92877
0.97859
0.94665
0.94553
0.89813
0.87956
0.80582
0.75044
1.4306
1.2752
1.3203
1.2556
1.2998
1.328
1.2611
1.2378
1.56
1.4871
1.2631
1.502
1.31
1.2298
1.3643
1.3212
1.2412
1.2583
1.2126
1.2428
1.35
1.3996
1.476
1.2426
1.2506
1.3377
1.3806
1.4543
1.4544
1.441
1.3759
1.4406
1.3612
1.2893
1.2259
1.2628
1.2788
1.3633
1.3707
1.2483
1.3202
1.1527
1.1056
1.1192
1.1428
1.1982
1.2349
1.2273
1.2314
1.2437
1.4802
1.5321
1.3646
1.2036
1.1832
1.178
1.1404
1.171
1.2156
1.1837
1.1691
1.2671
1.2664
1.2821
1.1778
1.4959
1.4901
1.2482
1.1773
1.0719
1.1309
1.1866
1.2182
1.168
1.1949
1.2878
1.1679
1.1557
1.271
1.3074
1.3097
1.2163
1.4874
1.3221
1.2394
1.3963
1.3629
1.2196
1.143
1.2463
1.2927
1.3068
1.2105
1.2529
1.2207
1.1983
1.1815
1.277
1.2699
1.2375
1.2121
1.2824
1.2152
1.2003
1.3601
1.3655
1.4239
1.4412
1.266
1.2458
1.2831
1.1824
1.1882
1.136
1.2172
1.2649
1.3492
1.3059
1.4712
1.3027
1.2305
1.1243
1.1615
1.1007
1.2682
1.3546
1.3376
1.4899
1.3075
1.3647
1.4224
1.4728
1.398
1.3402
1.2915
1.3215
1.3481
1.2651
1.2938
1.3267
1.2888
1.2543
1.322
1.2776
1.2021
1.1772
1.1946
1.2623
1.3408
1.2697
1.2134
1.2094
1.2028
1.1804
1.1963
1.1902
1.2473
1.2619
1.3907
1.3536
1.211
1.3308
1.3088
1.3762
1.3268
1.2522
1.2479
1.1198
1.1684
1.2695
1.3364
1.3082
1.2536
1.2782
1.2663
1.322
1.3567
1.3396
1.3434
1.3004
1.3128
1.2565
1.0501
1.0873
1.1363
1.2034
1.1915
1.239
1.2838
1.2821
1.3521
1.3494
1.3105
1.2771
1.3489
1.3985
1.3338
1.3595
1.2613
1.2104
1.0659
1.0581
1.0616
1.1427
1.1989
1.2579
1.3948
1.3968
1.3225
1.1948
1.1972
1.4188
1.4458
1.3799
1.214
1.2105
1.2673
1.1534
1.2056
1.2189
1.25
1.3257
1.4626
1.3962
1.2423
1.2497
1.475
1.5792
1.5985
1.4695
1.3343
1.26
1.2228
1.2113
1.2593
1.1943
1.1873
1.2179
1.3066
1.262
1.2689
1.2023
1.1745
1.1655
1.2761
1.2833
1.2491
1.2129
1.2411
1.2145
1.3113
1.4155
1.2068
1.2127
1.2165
1.2065
1.2025
1.3159
1.2812
1.2067
1.171
1.179
1.2622
1.2835
1.2355
1.1889
1.1686
1.1333
1.268
1.2605
1.2629
1.1753
1.2837
1.2929
1.2266
1.1807
1.175
1.1774
1.2113
1.3752
1.316
1.2912
1.1621
1.1794
1.2207
1.2195
1.2274
1.2564
1.264
1.2926
1.2412
1.2089
1.1409
1.2482
1.2702
1.3221
1.2737
1.3287
1.2652
1.2834
1.1237
1.205
1.2858
1.3133
1.3446
1.336
1.3197
1.3142
1.2181
1.0889
1.0396
1.1463
1.1143
1.0791
1.2955
1.3458
1.4472
1.3467
1.1931
1.1724
1.3157
1.435
1.3511
1.3139
1.2209
1.2264
1.1321
1.1621
1.1231
1.0663
1.194
1.3991
1.3653
1.3325
1.2372
1.2044
1.2907
1.279
1.3353
1.3596
1.351
1.3133
1.3105
1.113
1.0971
1.1221
1.1894
1.2417
1.2537
1.1741
1.2634
1.2588
1.1732
1.2652
1.3251
1.3088
1.2045
1.2526
1.1806
1.2379
1.284
1.1815
1.1715
1.1802
1.149
1.3253
1.3139
1.2655
1.1842
1.2007
1.2917
1.3094
1.3036
1.3191
1.2217
1.2531
1.2776
1.2246
1.1813
1.2872
1.2997
1.2566
1.2872
1.2457
1.254
1.3105
1.3648
1.3594
1.3078
1.3768
1.3975
1.2529
1.1938
1.1532
1.1399
1.3323
1.2341
1.2168
1.3024
1.3617
1.2427
1.183
1.2139
1.2545
1.2431
1.2624
1.3042
1.4677
1.4448
1.4606
1.3878
1.1742
1.2948
1.3859
1.3375
1.3153
1.3107
1.2666
1.273
1.2419
1.2268
1.2465
1.2111
1.3321
1.4544
1.3351
1.2999
1.2333
1.2566
1.173
1.1831
1.2125
1.4839
1.4986
1.4248
1.4496
1.4344
1.3769
1.2193
1.2127
1.2642
1.1975
1.2584
1.3151
1.3789
1.395
1.5773
1.5258
1.1678
1.2189
1.4372
1.4498
1.3923
1.2362
1.2064
1.2302
1.227
1.3648
1.2093
1.4774
1.3373
1.3211
1.2969
1.3031
1.2611
1.1824
1.1359
1.1721
1.1596
1.4139
1.5022
1.5437
1.3981
1.2147
1.4623
1.4779
1.3452
1.2572
1.2335
1.1734
1.1705
1.1274
1.1975
1.2122
1.2423
1.4961
1.4136
1.4567
1.2737
1.2687
1.3191
1.3396
1.3276
1.2949
1.2817
1.2498
1.2242
1.2156
1.1247
1.1393
1.2178
1.1782
1.1993
1.222
1.258
1.2992
1.3059
1.2902
1.2712
1.2793
1.1815
1.1172
1.1986
1.217
1.2521
1.2657
1.2044
1.1993
1.262
1.2318
1.1913
1.19
1.2163
1.1719
1.1768
1.2671
1.3411
1.3514
1.4022
1.4009
1.1841
1.2366
1.3257
1.2735
1.2359
1.2808
1.2093
1.2422
1.1936
1.1966
1.1925
1.1929
1.1853
1.2537
1.2101
1.1745
1.2529
1.3818
1.2111
1.2239
1.3928
1.3929
1.2879
1.2504
1.18
1.2385
1.2451
1.2135
1.1817
1.1798
1.1708
1.2843
1.2833
1.0795
1.1115
1.1775
1.2419
1.2545
1.2794
1.3185
1.3934
1.2306
1.2312
1.2028
1.2297
1.1804
1.1765
1.2562
1.3209
1.2923
1.3111
1.3348
1.1043
1.096
1.105
1.199
1.2997
1.3568
1.3878
1.4309
1.2968
1.1936
1.2773
1.2129
1.1357
1.2363
1.2218
1.2936
1.288
1.191
1.2303
1.323
1.4162
1.344
1.3909
1.2044
1.2977
1.1265
1.0985
1.1427
1.1569
1.2788
1.3375
1.2395
1.3367
1.3555
1.1691
1.3412
1.3492
1.3619
1.2858
1.2685
1.2004
1.2231
1.1488
1.1382
1.1974
1.2544
1.2951
1.3349
1.231
1.2999
1.2808
1.2862
1.2658
1.2359
1.2682
1.2816
1.3249
1.2564
1.1866
1.1324
1.1367
1.1289
1.1216
1.1911
1.2069
1.1464
1.1401
1.0964
1.1167
1.1668
1.2694
1.2953
1.3564
1.0894
1.1019
1.2127
1.2392
1.2755
1.2775
1.2703
1.2938
1.2878
1.2056
1.1472
1.2117
1.1848
1.1421
1.2411
1.2882
1.2903
1.2431
1.2605
1.2099
1.2086
1.3201
1.3305
1.2981
1.2341
1.2254
1.148
1.1398
1.1358
1.117
1.1609
1.1527
1.0719
1.1453
1.3029
1.1859
1.2145
1.3635
1.2952
1.1966
1.3663
1.3364
1.2446
1.2095
1.2086
1.1814
1.1515
1.1588
1.0751
1.1997
1.1426
1.1625
1.2939
1.3486
1.3917
1.2852
1.1715
1.2497
1.2226
1.2958
1.203
1.1774
1.1617
1.1645
1.1732
1.1007
1.1506
1.1674
1.1853
1.1705
1.2045
1.318
1.2999
1.3902
1.3489
1.1935
1.1951
1.1896
1.2979
1.2808
1.1948
1.1653
1.1122
1.186
1.1681
1.1102
1.0753
1.1352
1.1596
1.2886
1.337
1.4694
1.4192
1.2171
1.4336
1.3153
1.2547
1.2045
1.2254
1.2441
1.1921
1.0724
1.0972
1.1315
1.1575
1.1696
1.2133
1.1742
1.2535
1.1975
1.3456
1.3923
1.4613
1.3721
1.3195
1.253
1.2124
1.0589
1.0171
1.0518
1.1269
1.0637
1.1813
1.1363
1.2528
1.2528
1.3136
1.3285
1.185
1.2364
1.2816
1.3378
1.2823
1.2747
1.232
1.2284
1.314
1.2501
1.1773
1.2453
1.2748
1.34
1.3456
1.3961
1.3615
1.216
1.2067
1.2615
1.3692
1.3258
0.57281
0.53765
0.48252
0.42132
0.31445
0.36571
0.26701
0.3633
0.2644
0.34364
0.27705
0.34637
0.24284
0.3918
0.33008
0.41965
0.35953
0.46127
0.34815
0.40969
0.33784
0.45369
0.38185
0.49716
0.54657
0.53125
0.50971
0.46219
0.38562
0.35348
0.30608
0.35102
0.28032
0.32965
0.25162
0.35787
0.30325
0.36358
0.24792
0.37643
0.37253
0.42786
0.32106
0.40976
0.33764
0.36113
0.33799
0.42436
0.33712
0.33438
0.33316
0.33157
0.29318
0.34085
0.33921
0.40743
0.38581
0.43137
0.349
0.35554
0.30371
0.35249
0.30149
0.30272
0.26519
0.27139
0.15083
0.3168
0.27046
0.3316
0.24759
0.2892
0.19152
0.31304
0.2945
0.34852
0.45011
0.46195
0.42707
0.3848
0.38864
0.39371
0.34357
0.44798
0.42364
0.31731
0.23477
0.33825
0.24823
0.34824
0.28096
0.3254
0.33342
0.33259
0.47938
0.44008
0.45489
0.37057
0.37286
0.26313
0.23195
0.29629
0.28781
0.27639
0.31057
0.32675
0.24119
0.18533
0.32678
0.35204
0.32221
0.29193
0.3166
0.26739
0.22794
0.32743
0.30608
0.36788
0.44617
0.39921
0.46725
0.30185
0.38575
0.38332
0.46578
0.40132
0.57777
0.43698
0.31054
0.29551
0.26617
0.19455
0.31166
0.2525
0.4026
0.44489
0.3432
0.47854
0.47068
0.52214
0.42422
0.43565
0.36888
0.41523
0.30048
0.19751
0.41634
0.32751
0.42584
0.3548
0.13202
0.27591
0.35142
0.41802
0.43202
0.46226
0.34492
0.19714
0.26843
0.28415
0.31581
0.2971
0.34357
0.38369
0.43962
0.42018
0.36012
0.32391
0.23067
0.34834
0.28687
0.34139
0.23439
0.25974
0.27976
0.32773
0.30351
0.41562
0.47646
0.43408
0.36568
0.30661
0.41933
0.3486
0.34692
0.30672
0.36394
0.19029
0.38088
0.25664
0.28357
0.29184
0.38558
0.40968
0.29065
0.22358
0.31742
0.35772
0.34287
0.36443
0.36759
0.46594
0.40246
0.36338
0.35399
0.37055
0.32016
0.3342
0.3069
0.33627
0.23709
0.22887
0.18504
0.28451
0.28143
0.34246
0.30062
0.30203
0.22534
0.25393
0.28368
0.36861
0.46864
0.41356
0.47148
0.43328
0.43177
0.39296
0.42132
0.36924
0.2671
0.43825
0.42003
0.47402
0.46107
0.28219
0.21984
0.23016
0.34985
0.29268
0.35272
0.33145
0.41812
0.37614
0.41121
0.21547
0.3342
0.36189
0.40943
0.345
0.36946
0.33237
0.34553
0.27799
0.27476
0.26434
0.31189
0.25196
0.36688
0.35726
0.43108
0.27325
0.23708
0.23559
0.28287
0.2519
0.38949
0.24855
0.38884
0.22613
0.4024
0.40659
0.44428
0.38205
0.48316
0.32851
0.38067
0.38
0.48881
0.38303
0.35727
0.24006
0.35405
0.31262
0.38819
0.42921
0.48711
0.42692
0.48992
0.40558
0.50433
0.38239
0.46712
0.43576
0.41782
0.42744
0.36443
0.31235
0.2493
0.2785
0.28448
0.22029
0.28512
0.41414
0.38755
0.26616
0.36329
0.37295
0.44224
0.44955
0.34899
0.2729
0.3616
0.30757
0.34565
0.22743
0.31957
0.2425
0.29271
0.31374
0.33107
0.19172
0.31108
0.41562
0.48118
0.39049
0.47166
0.42527
0.53398
0.42504
0.41125
0.40001
0.4321
0.39288
0.34962
0.30332
0.31207
0.28711
0.28096
0.23755
0.30415
0.36255
0.40703
0.42472
0.35987
0.33905
0.3969
0.34461
0.40049
0.41241
0.28607
0.22646
0.35525
0.27774
0.33037
0.24776
0.21202
0.27256
0.34975
0.3646
0.36615
0.30225
0.3848
0.5035
0.36428
0.39073
0.40332
0.4358
0.42766
0.37972
0.34547
0.35438
0.32217
0.43466
0.33298
0.37841
0.31842
0.31971
0.22562
0.26096
0.3591
0.41785
0.47147
0.32667
0.27509
0.3018
0.28541
0.3172
0.34404
0.35876
0.3769
0.39494
0.38867
0.30456
0.24411
0.31716
0.35533
0.29257
0.22839
0.33655
0.28621
0.31958
0.35734
0.42385
0.43777
0.37079
0.32875
0.34231
0.42071
0.44084
0.35022
0.30881
0.26502
0.31196
0.36924
0.40539
0.39359
0.33283
0.34662
0.3253
0.30521
0.39767
0.42496
0.3608
0.25883
0.33756
0.3045
0.28145
0.25997
0.44983
0.40653
0.3328
0.31173
0.2326
0.16771
0.36026
0.31594
0.37891
0.33968
0.35221
0.34781
0.37839
0.39353
0.42171
0.38359
0.4177
0.38489
0.36818
0.555
0.47084
0.28353
0.4275
0.41351
0.54046
0.39638
0.30691
0.39374
0.32235
0.23522
0.50544
0.48135
0.38927
0.32156
0.28332
0.21289
0.27525
0.16199
0.37191
0.425
0.51807
0.43328
0.20639
0.29855
0.27093
0.31865
0.26773
0.32396
0.38477
0.38631
0.4533
0.23039
0.26148
0.20796
0.2754
0.43015
0.26487
0.33573
0.35746
0.20933
0.42843
0.36459
0.29011
0.44667
0.36287
0.3924
0.30871
0.29738
0.30655
0.28309
0.31191
0.33447
0.35325
0.46769
0.32537
0.42983
0.42325
0.36917
0.28306
0.33077
0.17696
0.38655
0.20917
0.37828
0.27249
0.2418
0.24798
0.3321
0.25448
0.28051
0.21224
0.31085
0.28065
0.33668
0.3586
0.43605
0.41862
0.3949
0.41009
0.37862
0.25449
0.40698
0.35785
0.48415
0.5194
0.42026
0.22097
0.25213
0.37302
0.31529
0.19366
0.42453
0.47617
0.49454
0.41741
0.40467
0.3462
0.26812
0.25847
0.30434
0.32024
0.35293
0.28851
0.20139
0.39388
0.24022
0.31343
0.24916
0.33675
0.38692
0.3676
0.4111
0.37598
0.37642
0.4209
0.52897
0.44738
0.57515
0.42565
0.2877
0.13896
0.29638
0.37206
0.25201
0.28967
0.33547
0.34872
0.2332
0.28339
0.33844
0.44763
0.36373
0.36555
0.35806
0.3955
0.36873
0.34887
0.36431
0.28502
0.33318
0.29314
0.32937
0.31277
0.30893
0.26985
0.27533
0.302
0.33527
0.35138
0.28295
0.29992
0.28095
0.25432
0.28319
0.30091
0.33141
0.28889
0.30161
0.3877
0.41107
0.48305
0.49561
0.41631
0.41386
0.35255
0.42432
0.44118
0.35338
0.3012
0.29289
0.29994
0.33017
0.3256
0.47593
0.38953
0.44332
0.4651
0.51925
0.47013
0.46086
0.21928
0.38839
0.34532
0.37029
0.41186
0.35441
0.2885
0.22365
0.26018
0.46122
0.49603
0.29781
0.26174
0.28234
0.32468
0.38923
0.34562
0.3586
0.38241
0.33407
0.36689
0.39107
0.22766
0.32809
0.26008
0.31249
0.30604
0.34699
0.33107
0.27291
0.29409
0.33461
0.41164
0.44073
0.50322
0.46578
0.51432
0.48775
0.46877
0.34065
0.26119
0.36373
0.31841
0.39198
0.37472
0.23949
0.2079
0.29677
0.41257
0.49207
0.42585
0.27574
0.27251
0.28546
0.33838
0.33021
0.44196
0.4562
0.36002
0.30702
0.3645
0.30268
0.26982
0.27952
0.2952
0.2968
0.26421
0.33968
0.31579
0.35294
0.38482
0.28165
0.28256
0.32577
0.29877
0.22896
0.37165
0.42505
0.45782
0.48695
0.25782
0.36177
0.31717
0.36875
0.30231
0.37896
0.26151
0.32855
0.23233
0.27506
0.2426
0.47084
0.3408
0.43715
0.39856
0.45245
0.30247
0.4259
0.51854
0.20544
0.29281
0.28564
0.45298
0.27196
0.21704
0.25733
0.3428
0.32196
0.49567
0.45363
0.43277
0.46543
0.43751
0.43367
0.27228
0.37936
0.23189
0.37681
0.32854
0.37852
0.23388
0.27994
0.26197
0.36309
0.37
0.41961
0.3897
0.45769
0.41752
0.34051
0.38702
0.33288
0.32568
0.41863
0.38314
0.34628
0.32221
0.27226
0.28454
0.29982
0.27777
0.25332
0.3313
0.45798
0.4127
0.27118
0.4569
0.32761
0.34956
0.28112
0.30826
0.26859
0.25677
0.28613
0.27976
0.30456
0.30671
0.41478
0.32444
0.23142
0.37201
0.35677
0.37815
0.3314
0.37234
0.36624
0.28695
0.19309
0.30375
0.18242
0.2926
0.32831
0.42281
0.41851
0.46875
0.25237
0.12703
0.30393
0.37916
0.39384
0.40679
0.35434
0.37645
0.29526
0.30158
0.20412
0.28665
0.19579
0.36195
0.35797
0.42252
0.3274
0.35546
0.35006
0.36727
0.23475
0.26592
0.25624
0.32424
0.22969
0.3039
0.32444
0.30316
0.23196
0.29128
0.23758
0.36736
0.32734
0.38852
0.38467
0.38191
0.39167
0.30407
0.31209
0.2344
0.33179
0.25422
0.23774
0.30694
0.37731
0.32002
0.33177
0.36418
0.38751
0.4032
0.37471
0.25672
0.28867
0.30636
0.25802
0.29304
0.3593
0.81074
0.90724
0.93145
0.92908
0.9196
1.0283
1.0527
1.2329
1.1325
1.0875
0.91956
0.76502
0.54165
0.6298
0.64988
0.80705
0.8136
0.88579
0.85001
0.91414
0.90289
1.0403
1.0439
1.0829
1.0702
1.0334
0.93918
1.3361
1.249
1.1438
1.0124
0.84741
0.75191
0.7476
0.56087
0.52381
0.64765
0.8305
0.96759
0.95329
0.97764
1.0785
1.0822
1.156
1.138
1.0567
0.89318
0.73931
0.72478
0.68866
0.71785
0.69422
0.75602
0.77385
0.81062
0.89491
0.99675
1.041
0.98823
0.88068
0.70328
0.68178
0.67974
0.6646
0.69852
0.77619
0.8874
0.94053
1.0604
1.055
1.0841
1.208
0.65446
0.59454
0.64237
0.74651
0.73762
0.82059
0.7347
0.83654
1.0121
1.2131
1.0448
0.9294
1.0433
1.2013
1.183
1.2536
1.1033
0.91282
0.69783
0.53783
0.58831
0.69756
0.78342
0.80745
0.89739
0.86957
0.8791
0.9361
1.0278
1.1216
1.0621
1.0899
1.006
0.90168
0.90999
0.80081
0.89458
0.86819
0.68187
0.69938
0.81929
0.81138
0.85945
0.94693
0.98346
0.94605
1.0054
0.98792
0.95917
0.95791
0.85502
0.82849
0.7337
0.72522
0.75352
0.79928
0.82785
0.83313
0.86843
0.8834
0.9045
0.92983
0.94893
1.0495
1.0496
1.0339
0.99134
0.9637
0.88811
0.80777
0.815
0.82722
0.93103
0.87788
0.91491
0.81632
0.81481
0.77697
0.94188
1.0396
0.97243
0.74469
0.81673
0.84466
0.84211
0.99102
0.9803
0.89937
0.96686
0.94598
0.99738
0.9435
0.77944
0.77267
0.78153
0.88912
0.844
0.85833
0.78893
0.88054
0.85541
0.99492
1.0167
0.84438
0.80696
0.83621
0.86524
0.90314
0.9037
0.97892
0.98801
1.0398
0.99419
1.0191
0.93676
0.93225
0.8621
0.75971
0.72462
0.81464
0.80638
0.84434
0.80461
0.83535
0.78524
0.88329
0.90071
0.88243
0.87593
0.83279
0.85306
0.9168
1.0446
1.0666
1.108
1.0726
1.1015
0.94885
0.88319
0.86399
0.74406
0.89501
0.89853
0.80458
0.7128
0.80068
0.78515
0.84103
0.84626
0.90741
0.89062
0.89402
0.86164
0.86323
0.85688
0.92247
0.93913
1.029
1.0393
1.0262
0.98096
0.95401
0.92354
0.88549
0.87652
0.92159
0.93263
0.90002
0.87834
0.82268
0.82965
0.79071
0.84956
0.97371
0.94703
0.70816
0.79182
0.93574
0.99405
0.98345
0.93085
0.99233
0.89437
1.0168
0.95253
0.94509
0.87962
0.97768
1.0179
1.1223
0.88531
0.74671
0.67552
0.62522
0.73065
0.79171
0.81719
0.86691
0.88847
0.89246
0.91796
0.95314
0.92105
0.88139
0.83431
0.85094
0.79707
0.84217
0.83479
0.83737
0.8144
0.8169
0.82287
0.82359
0.87549
0.92452
0.9527
0.93766
0.97344
1.0309
0.97907
1.0356
1.0261
0.91537
0.86672
0.83437
0.90457
0.78658
0.91206
0.87468
0.88114
0.81692
0.85251
0.78072
0.83221
0.80889
0.85306
0.84914
0.82681
0.87105
0.89214
0.88397
0.9416
0.94097
0.9687
0.95204
0.96791
0.97299
0.92562
0.89762
0.86234
0.85984
0.86958
0.85749
0.77535
0.72277
0.72634
0.90997
0.79958
0.80268
0.80717
0.81772
0.88401
0.88778
0.84902
0.88179
0.93306
0.88618
0.7368
0.77296
0.81981
0.8906
0.88178
0.8638
0.81326
0.86245
0.86607
0.90848
0.90137
0.83209
0.78003
0.74259
0.71648
0.80091
0.58651
0.76191
0.783
0.92731
0.91626
1.0053
0.98352
0.9849
0.86656
0.86079
0.77494
0.76354
0.73708
0.86789
0.95502
0.93473
0.94402
0.77883
0.94063
0.85616
0.81477
0.84826
0.8631
0.77457
0.6741
0.69876
0.81598
0.83091
0.84134
0.81848
0.84228
0.89578
1.0466
0.99573
0.8903
0.8081
0.92946
0.95341
0.93374
0.86972
0.93473
0.93656
0.95038
0.83579
0.85036
0.7529
0.79913
0.83079
0.74783
0.77936
0.74092
0.88015
0.83875
0.89096
0.92649
0.94423
0.85848
0.84736
0.89633
0.8721
0.87931
0.84806
0.91303
0.88259
0.97554
0.92775
0.81729
0.72816
0.87115
0.8677
0.8711
0.80402
0.76079
0.71704
0.82085
0.85889
0.84878
0.8143
0.87169
0.89888
0.92981
0.86791
0.93392
0.90995
0.97032
0.96262
0.97641
0.88195
0.79108
0.82355
0.84828
0.80001
0.80029
0.73271
0.81287
0.81192
0.80961
0.93018
0.80512
0.83402
0.88003
0.90563
0.87192
0.90258
0.96968
0.78948
0.75541
0.80881
0.83153
0.79495
0.94663
0.84541
0.83574
0.8363
0.82229
0.8781
0.85476
0.80329
0.77843
0.87319
0.89283
0.87645
0.8504
0.82949
0.82268
0.84523
0.85953
0.86283
0.90155
0.92161
0.89049
0.86771
0.81053
0.86042
0.83804
0.83446
0.75868
0.74142
0.82598
0.77992
0.84877
0.88957
0.88943
0.87788
0.90844
0.91558
0.91362
0.90455
0.95998
0.98446
1.0309
1.0481
0.85149
0.83732
0.87115
0.9366
0.90207
0.8272
0.81042
0.80458
0.77373
0.82553
0.82633
0.8473
0.84049
0.84408
0.85306
0.8149
0.82332
0.90263
0.90994
0.84832
0.78359
0.89229
1.0167
1.0268
0.93429
0.95616
0.89497
0.95909
0.96791
1.0025
0.91998
0.84626
0.85629
0.87525
0.81608
0.86956
0.91449
0.67216
0.67637
0.99455
0.94615
0.87264
1.0332
0.96385
0.94705
0.90122
0.89898
0.93763
0.81409
0.7434
0.94049
0.92068
0.88695
0.99291
0.91549
0.86723
0.84853
0.85423
0.75727
0.79883
0.81598
0.82536
0.78602
0.79252
0.77157
0.83409
1.0505
0.83802
0.87956
0.80772
0.86445
0.86986
0.86174
0.83621
0.84432
0.76024
0.81768
0.79333
0.83049
0.83702
0.85132
0.88104
0.85695
0.83686
0.8809
0.84787
0.89364
0.84406
0.80686
0.83093
0.88816
0.91686
0.91586
0.85851
0.91169
0.9031
0.87177
0.83752
0.81064
0.75297
0.83616
0.87063
0.78759
0.78525
0.79457
0.79006
0.81464
0.84873
0.88013
0.8743
0.48815
0.50516
0.40614
0.31246
0.36654
0.33785
0.47266
0.57725
0.56966
0.55269
0.60739
0.62221
0.59018
0.42868
0.43087
0.34285
0.26658
0.24736
0.35058
0.36482
0.44245
0.53466
0.60567
0.64009
0.61691
0.61885
0.53313
0.5965
0.6289
0.44702
0.51895
0.34513
0.32494
0.35821
0.35421
0.4278
0.42219
0.5238
0.48187
0.54683
0.53744
0.54964
0.31006
0.40646
0.42799
0.42424
0.5113
0.58737
0.51191
0.38423
0.60236
0.47167
0.38927
0.29004
0.41017
0.48473
0.36919
0.41343
0.41919
0.39442
0.39276
0.44934
0.45333
0.46649
0.53947
0.57873
0.42675
0.35092
0.37048
0.4208
0.39108
0.48419
0.45242
0.50234
0.55688
0.45435
0.47721
0.41076
0.41527
0.42042
0.46732
0.41634
0.46987
0.4644
0.4486
0.40074
0.45612
0.37276
0.47529
0.4717
0.40824
0.45424
0.51564
0.46628
0.49778
0.42952
0.49342
0.44574
0.55735
0.33639
0.41101
0.27372
0.3969
0.36885
0.45579
0.4216
0.48835
0.46463
0.49214
0.38817
0.41756
0.46522
0.50969
0.32708
0.31949
0.41542
0.43151
0.43553
0.47976
0.43663
0.60964
0.52466
0.34026
0.34288
0.44159
0.48232
0.4826
0.44248
0.48684
0.5397
0.45951
0.47029
0.42775
0.4648
0.34305
0.51694
0.51424
0.41901
0.35305
0.39985
0.34514
0.44422
0.47668
0.49914
0.47517
0.45067
0.50205
0.45475
0.47559
0.51764
0.39547
0.51488
0.45456
0.37283
0.36787
0.32874
0.32043
0.40102
0.40684
0.38814
0.4169
0.56216
0.50729
0.51823
0.55965
0.51969
0.48349
0.41119
0.47761
0.4188
0.39598
0.46793
0.43766
0.48517
0.37858
0.41314
0.42379
0.45373
0.41377
0.44134
0.49713
0.51683
0.48346
0.47054
0.42535
0.39983
0.48704
0.38268
0.36414
0.29748
0.312
0.38871
0.55689
0.39899
0.46481
0.40576
0.47867
0.5326
0.45869
0.33028
0.3445
0.47247
0.45917
0.46967
0.48092
0.48422
0.46495
0.50608
0.53417
0.48457
0.52607
0.49181
0.50287
0.44795
0.42975
0.44499
0.48427
0.41639
0.48477
0.46021
0.40381
0.35266
0.39837
0.43587
0.49167
0.36929
0.48759
0.46609
0.46667
0.45578
0.52899
0.46095
0.33357
0.3079
0.35653
0.32194
0.47896
0.40228
0.39572
0.3425
0.33056
0.48144
0.46862
0.50917
0.44084
0.45732
0.36638
0.4618
0.47057
0.39584
0.44503
0.492
0.43916
0.45839
0.47754
0.54544
0.52871
0.44633
0.40623
0.39043
0.32774
0.31815
0.42367
0.39349
0.33575
0.36813
0.40652
0.51738
0.492
0.49265
0.39822
0.39742
0.44684
0.44371
0.39599
0.47568
0.45627
0.43572
0.45643
0.51293
0.4307
0.51333
0.40715
0.36796
0.3077
0.36233
0.33025
0.47144
0.47424
0.37368
0.32212
0.36124
0.39051
0.42542
0.51779
0.53269
0.51368
0.4398
0.44914
0.38974
0.40417
0.40504
0.49128
0.44156
0.45434
0.41899
0.46517
0.47756
0.49236
0.34617
0.31942
0.30368
0.32533
0.44025
0.44641
0.41863
0.55184
0.49697
0.54269
0.45964
0.55694
0.41783
0.37803
0.29488
0.50949
0.46042
0.44322
0.33294
0.41081
0.43915
0.49662
0.39644
0.47305
0.46229
0.57267
0.57904
0.35556
0.25566
0.3612
0.3673
0.42764
0.48006
0.41951
0.42434
0.57952
0.55415
0.44803
0.33639
0.35594
0.24575
0.44936
0.40825
0.57667
0.50631
0.55807
0.48567
0.53915
0.50284
0.29008
0.40751
0.48571
0.41966
0.45812
0.42928
0.44605
0.43646
0.47614
0.45311
0.47949
0.41782
0.52612
0.54044
0.54985
0.48502
0.47117
0.36962
0.38632
0.37314
0.3548
0.437
0.38139
0.51331
0.56085
0.46126
0.23045
0.3575
0.36009
0.5552
0.43414
0.54144
0.50757
0.44626
0.4871
0.40056
0.48302
0.33468
0.46048
0.44141
0.48029
0.38805
0.45898
0.58673
0.52884
0.50162
0.2858
0.31926
0.39874
0.53486
0.59415
0.60197
0.62868
0.58994
0.60474
0.53326
0.60707
0.63863
0.49554
0.48764
0.38561
0.32297
0.36908
0.42984
0.44866
0.58406
0.55487
0.54546
0.54734
0.5736
0.48112
0.48127
0.36879
0.30973
0.35355
0.36224
0.44996
0.42984
0.59601
0.56257
0.60503
0.57021
0.71672
0.4229
0.41816
0.4945
0.52414
0.50446
0.2483
0.31699
0.34781
0.39142
0.4374
0.56473
0.44199
0.53734
0.47479
0.71179
0.60116
0.50491
0.40506
0.45864
0.34925
0.42225
0.44726
0.53387
0.31454
0.42427
0.37256
0.40345
0.55863
0.56689
0.57296
0.56656
0.64166
0.40483
0.44382
0.46001
0.41834
0.536
0.59477
0.43063
0.25927
0.30378
0.39904
0.40348
0.46461
0.45253
0.44857
0.53446
0.56347
0.5696
0.42731
0.49392
0.39958
0.526
0.34781
0.33817
0.32734
0.44037
0.45463
0.5092
0.45014
0.47046
0.46243
0.3528
0.37828
0.31887
0.46235
0.54284
0.63299
0.6078
0.66943
0.58901
0.51342
0.37738
0.29419
0.49099
0.56128
0.49994
0.50818
0.42383
0.417
0.30782
0.32971
0.38222
0.46251
0.45758
0.57432
0.52258
0.48589
0.53779
0.59518
0.51622
0.46872
0.3844
0.3636
0.38051
0.37632
0.41531
0.43374
0.48744
0.40234
0.49821
1.8026
1.6609
1.6025
1.6274
1.4695
1.5063
1.6078
1.6525
1.5862
1.5722
1.5144
1.3071
1.4281
1.7037
1.7505
1.6447
1.786
1.7898
1.59
1.4316
1.4568
1.4731
1.6088
1.6736
1.5939
1.5481
1.3306
1.4439
1.6759
1.8366
1.8065
1.771
1.797
1.6285
1.3906
1.4701
1.5354
1.5059
1.5775
1.5276
1.5073
1.5089
1.5106
1.4219
1.4719
1.7072
1.6386
1.6004
1.4223
1.4739
1.4748
1.5919
1.7698
1.8759
1.9486
1.904
1.8384
1.6874
1.5419
1.5377
1.4975
1.5078
1.7198
1.6694
1.4755
1.2121
1.3185
1.448
1.4364
1.6164
1.6622
1.6161
1.3344
1.2305
1.2586
1.1911
1.4607
1.6103
1.6008
1.5728
1.5535
1.642
1.6712
1.6798
1.612
1.5715
1.5295
1.4665
1.3419
1.384
1.2907
1.2079
1.3082
1.3571
1.5462
1.6053
1.6456
1.3285
1.6892
1.9329
1.8399
1.853
1.863
1.7542
1.5923
1.3751
1.4606
1.4843
1.6812
1.6813
1.567
1.4095
1.3503
1.3643
1.5839
1.5778
1.6479
1.6075
1.5465
1.419
1.2927
1.2734
1.22
1.2339
1.5364
1.1719
1.2254
1.2618
1.3727
1.3567
1.3794
1.5728
1.5612
1.5432
1.2885
1.3164
1.3507
1.4537
1.6062
1.4955
1.4048
1.5366
1.2287
1.2669
1.4191
1.4131
1.4124
1.3679
1.4037
1.5712
1.5961
1.3877
1.2725
1.2686
1.2901
1.3756
1.5068
1.492
1.5398
1.5438
1.5079
1.2675
1.3134
1.4074
1.5392
1.6631
1.7084
1.7472
1.6782
1.489
1.3335
1.2321
1.2734
1.349
1.4522
1.4673
1.4093
1.4572
1.2936
1.3837
1.4732
1.5937
1.6234
1.5969
1.4936
1.441
1.4468
1.3364
1.3466
1.3558
1.239
1.2948
1.3375
1.4015
1.3991
1.4818
1.4211
1.1547
1.271
1.4793
1.4744
1.3238
1.2698
1.6136
1.3832
1.3106
1.2929
1.4181
1.5818
1.6142
1.5766
1.2942
1.3069
1.4677
1.5587
1.5381
1.3752
1.3378
1.3762
1.4109
1.3614
1.2758
1.2597
1.2601
1.3342
1.4894
1.5507
1.6518
1.7419
1.1682
1.2293
1.2655
1.4014
1.4051
1.3675
1.3207
1.4854
1.3591
1.3851
1.3494
1.2484
1.3155
1.4058
1.5775
1.566
1.3219
1.4644
1.5644
1.6058
1.6138
1.5364
1.3996
1.2893
1.3309
1.2994
1.322
1.3439
1.4734
1.4116
1.2285
1.2509
1.256
1.3018
1.2951
1.4011
1.5607
1.8069
1.6516
1.4177
1.3046
1.339
1.3386
1.348
1.3402
1.4575
1.4689
1.4854
1.4494
1.1538
1.151
1.3596
1.4469
1.4737
1.4498
1.4798
1.5635
1.4934
1.3264
1.3738
1.3614
1.4328
1.5407
1.581
1.4877
1.4575
1.1114
1.2321
1.2812
1.3894
1.4127
1.5252
1.5032
1.5177
1.5928
1.3622
1.3364
1.3516
1.3912
1.5505
1.5442
1.4474
1.3964
1.3929
1.2665
1.2058
1.418
1.5025
1.571
1.4708
1.3133
1.157
1.3144
1.4532
1.4532
1.4632
1.3931
1.4155
1.4506
1.3284
1.2674
1.2363
1.294
1.4689
1.5527
1.5467
1.508
1.2772
1.2349
1.3194
1.3669
1.4369
1.4483
1.5161
1.5298
1.5565
1.4367
1.298
1.2231
1.2383
1.1705
1.3795
1.4459
1.5158
1.4342
1.5284
1.165
1.2319
1.3203
1.4108
1.4985
1.4758
1.4111
1.4042
1.4289
1.3501
1.258
1.1901
1.2717
1.4367
1.5382
1.5449
1.5444
1.2494
1.2572
1.4254
1.4012
1.4117
1.3471
1.3142
1.3388
1.4797
1.3137
1.2918
1.2437
1.2614
1.4597
1.5274
1.5596
1.4802
1.2064
1.3
1.5167
1.4644
1.5042
1.5261
1.4112
1.4242
1.307
1.2159
1.1837
1.1615
1.3724
1.4254
1.5233
1.5077
1.2878
1.2618
1.4043
1.4458
1.5276
1.2102
1.4287
1.4987
1.5748
1.5253
1.0008
0.95126
1.1724
1.2032
1.1638
1.1232
1.0531
1.1434
1.1688
1.1599
1.0033
1.0176
0.96178
0.95411
1.0075
1.0776
1.1725
1.1154
1.0948
1.016
1.1302
1.0787
1.1732
1.1482
1.1014
1.0226
1.1301
1.1246
1.035
1.1585
1.0559
1.0586
1.0698
1.007
1.0343
1.1029
1.0802
0.95989
0.92111
0.95398
1.0101
0.97612
0.92791
1.0732
1.0983
1.1639
1.0501
1.0511
1.0443
1.1703
1.1275
1.1206
1.1299
1.1129
1.0533
0.94938
0.96678
1.0421
1.1034
1.0963
1.0627
1.0487
1.0205
1.1588
1.2695
1.1187
1.0934
1.0829
1.0634
1.0252
1.0646
1.149
1.1147
1.0531
1.0072
0.99418
1.0147
1.0379
1.0289
1.0834
1.041
1.0881
1.0173
0.94772
0.98272
1.1468
1.0854
1.0978
1.1445
1.0808
1.05
0.94153
1.0684
1.0317
1.1296
1.0581
1.0974
0.96783
1.0444
1.0522
1.0843
1.1424
1.0986
0.99384
1.0358
1.0734
1.1654
1.1923
1.1562
1.092
1.0872
1.0257
1.0815
1.081
1.0546
0.97891
0.98946
1.0429
0.93486
0.907
1.0277
1.0942
1.1969
1.2062
1.2193
1.2694
1.1035
1.1116
0.9669
1.0161
1.029
1.0034
1.1358
1.422
1.3555
1.2451
1.176
0.9277
1.0531
1.3187
1.3187
1.2319
0.91057
0.93527
1.1289
1.1416
1.2192
1.1125
1.1732
1.1048
1.0623
1.0069
0.94332
1.0166
1.0465
1.0401
1.0936
1.1933
1.2758
1.2223
1.2038
1.1556
1.2542
0.98434
1.0147
1.0773
1.1539
1.1753
1.1894
1.1614
1.0941
1.0899
1.0202
1.0286
1.053
1.1608
1.1856
1.2228
1.2103
1.1599
1.1433
1.1092
1.012
1.0084
1.081
1.1153
1.1609
1.2147
1.1929
1.1948
1.1824
1.0334
0.97805
0.96543
0.97712
0.96834
0.99723
1.1587
1.2588
1.3772
1.246
1.2974
1.0072
0.90788
0.97308
1.0794
1.2513
1.2629
1.0935
1.0265
1.0707
1.0114
1.1015
1.1069
1.0825
1.1593
0.98752
1.0276
1.0132
1.1453
1.1966
1.1814
1.1599
1.1942
1.1224
1.0747
0.99576
1.0468
1.018
1.0883
1.1271
1.1626
1.174
1.2969
1.2562
1.2327
0.95481
0.97059
1.0433
1.1771
1.1329
1.1495
1.1848
1.2785
1.3515
1.4148
1.2045
1.0835
1.0607
1.0525
1.2209
1.3852
1.293
1.3291
1.3171
1.2314
1.0119
1.0006
1.1058
1.1338
1.1971
1.1904
1.2795
1.2449
1.134
1.1668
1.1284
1.2342
1.2837
1.3618
1.2424
1.2002
0.99866
0.98172
1.1657
1.2743
1.1741
1.1158
1.0475
1.1276
1.1325
1.1462
1.106
1.2225
0.99731
1.0133
1.1651
1.1736
1.1522
1.1771
1.2359
1.2128
1.2365
1.1843
1.0955
1.0485
1.0625
1.0949
1.1066
1.1047
1.2117
1.1378
1.1162
1.1635
1.1958
1.1686
1.0439
1.0123
1.0544
1.1232
1.1469
1.22
1.203
1.1937
1.149
1.1965
1.0926
1.0903
1.1201
1.1359
1.1972
1.1824
1.1589
1.1745
1.164
0.99049
0.98611
1.0936
1.0229
1.1159
1.0866
1.2674
1.3482
1.31
1.1105
1.1596
1.1642
1.1012
1.192
1.2252
1.2188
1.1608
1.168
1.1981
0.97317
1.0275
1.2649
1.2809
1.1323
1.0662
0.95082
0.97458
0.99622
0.98111
1.0795
1.1531
1.1925
1.3324
1.3332
1.2854
1.0936
1.1234
1.2157
1.1794
1.1485
1.14
1.1654
1.1149
1.1189
0.83243
0.75862
0.94695
1.0712
1.1352
1.2041
1.2007
1.2107
1.3295
1.3201
1.1287
1.0677
1.0374
1.067
1.1029
1.0195
1.2319
1.2088
1.2125
1.242
1.2863
0.96703
0.90977
1.0556
1.0532
1.1525
1.1106
1.1206
1.1303
1.1557
1.1053
1.1283
1.1096
1.2776
1.2326
0.93554
1.0177
1.259
1.2233
1.2049
1.1092
1.117
1.0798
1.0406
1.129
1.2542
1.1818
1.2098
1.2002
0.88931
0.94264
0.95767
1.0899
1.1889
1.2329
1.2509
1.3649
1.2811
1.2277
1.1543
1.0282
1.0513
1.1381
1.0818
1.1684
1.1276
1.1532
1.1445
1.2071
1.2591
0.86966
0.90238
0.93895
1.0873
1.186
1.3147
1.2639
1.1715
1.1119
1.1011
1.1384
1.1999
1.1933
1.1714
1.1755
0.95357
0.90234
0.91759
0.98281
1.1177
1.1266
1.2454
1.1421
1.148
1.1716
1.2523
1.1686
1.1316
1.186
1.1889
1.1865
1.2639
1.2021
1.2441
1.187
1.1561
0.95385
0.94305
1.0434
1.0674
1.1028
1.1229
1.0881
0.91019
0.99088
0.96832
1.0301
1.1403
1.2755
1.2713
1.2249
1.2434
1.2112
1.0572
1.1058
1.1102
1.1453
1.2694
1.2305
1.1669
1.246
1.2653
0.94645
1.0492
1.364
1.2636
1.2364
1.164
0.99055
1.1468
1.0955
1.0685
1.022
1.0333
1.0214
0.93225
1.2352
1.3542
1.3469
1.2773
1.2612
1.0416
1.0937
1.1066
1.1901
1.1854
1.1754
1.154
1.1594
1.1146
1.1093
1.0708
1.1174
1.0878
1.0832
1.2446
1.1988
1.2384
1.1793
1.1077
1.2205
1.2008
0.9522
0.99536
1.2224
1.2339
1.333
1.3583
1.3012
1.2175
1.1812
1.2232
1.1703
1.0858
0.97558
0.99959
1.0912
1.1572
1.3096
1.2937
1.3135
1.2799
1.2273
0.94688
1.0189
1.1506
1.2364
1.3167
1.2695
1.2779
1.2958
1.2805
1.1551
1.0389
1.0166
1.0335
1.0633
1.1235
1.1383
1.2082
1.226
0.90224
1.0083
1.1211
1.2187
1.2774
1.3355
1.293
1.3037
1.3373
1.1473
1.0546
1.0811
1.0494
1.0291
1.0231
1.2065
1.172
1.18
1.2451
1.3281
0.99337
1.0659
1.3181
1.021
1.1096
1.1132
1.1563
1.1371
1.0718
1.1392
1.2429
1.2898
1.2385
1.2351
1.2937
0.91605
0.94136
1.0962
1.0879
1.1458
1.2349
1.1845
1.2427
1.2673
1.1116
1.1105
1.0724
1.0512
1.0834
1.1624
1.2007
1.1211
1.2176
1.215
1.2019
1.0336
1.0232
1.1189
1.1848
1.2935
1.4096
1.2645
1.3105
1.342
1.2473
0.9965
1.0467
1.0824
1.0755
1.2393
1.3186
1.5361
1.4378
1.3732
1.0364
1.2461
1.2936
1.2626
1.2533
1.1685
1.1741
1.1712
1.3788
1.3185
1.2261
1.0587
1.0744
1.205
1.2044
1.3016
1.2967
1.2736
1.3012
1.2961
1.2411
1.1779
1.1438
1.038
1.1037
1.2392
1.2814
1.3545
1.2588
1.2311
1.1987
1.1374
1.1299
1.2016
1.2803
1.2618
1.3043
1.2163
1.252
1.2271
1.2046
1.0991
1.1576
1.1742
1.2102
1.4004
1.3042
1.2192
1.2479
1.1439
1.0993
1.2252
1.2869
1.4352
1.4465
1.2869
1.2245
1.1595
1.1184
1.0816
1.1543
1.1587
1.2284
1.375
1.334
1.2062
1.2119
1.1613
0.99359
1.0339
1.0648
1.2059
1.2877
1.1992
1.3136
1.1636
1.1442
1.1078
1.0983
1.1983
1.1579
1.2464
1.1826
1.1518
1.2374
1.3922
1.5043
1.4318
1.1348
1.0807
1.093
1.1203
1.2248
1.2221
1.3516
1.4015
1.3029
1.1446
0.98258
1.0676
1.2891
1.3649
1.3234
1.2796
1.1666
1.0841
1.0898
1.1547
1.1263
1.1277
1.1262
1.1764
1.2334
1.0495
0.99417
0.9181
0.86203
0.94121
0.98763
1.1739
1.1088
1.1015
1.0754
1.0786
0.72216
0.70663
0.77127
0.88137
1.0371
1.2092
1.4238
1.5263
1.319
1.3678
1.1504
1.0392
0.9532
0.97476
0.94104
0.99035
1.0639
1.0317
1.0546
1.0097
1.0664
1.034
1.0708
0.80834
0.74832
0.74145
0.82051
1.0433
1.1674
1.319
1.3223
1.3591
1.3688
1.236
1.1866
1.1508
1.1545
1.0165
0.96334
1.0683
1.0227
0.98732
0.96201
0.97927
0.98216
0.71903
0.75028
0.8179
0.90023
1.0576
1.1483
1.2585
1.2972
1.347
1.3794
1.3268
1.1067
1.1345
1.1247
1.0447
1.0235
1.0811
1.0393
0.97485
0.98821
0.96608
0.98951
0.95028
0.80786
0.76067
0.74656
0.79745
0.92918
1.065
1.2113
1.3134
1.3494
1.3107
1.3461
1.2423
1.2181
1.2269
1.1133
0.94804
1.065
1.0339
1.0047
0.99902
1.0556
1.0137
1.0442
1.3731
1.2362
1.0975
1.07
1.0117
1.0252
1.0519
1.1268
1.1424
1.131
1.0222
0.98836
0.936
0.82351
0.8198
0.787
0.80617
0.74443
0.86674
1.0682
1.2231
1.2386
1.287
1.3518
1.4066
1.3435
1.2177
1.2421
1.2701
1.2021
1.1291
1.0092
0.88687
0.87112
0.90997
0.99732
1.0384
1.0375
0.93042
0.85742
1.0662
0.98914
1.6819
1.3901
1.2401
1.1433
1.0931
1.078
1.0341
0.97699
0.99084
0.9358
1.034
0.95704
0.92463
0.92046
1.0512
1.0727
1.1737
1.1961
1.3377
1.3553
1.2178
1.0865
1.0651
1.1174
1.0978
1.0616
1.075
0.97463
1.0333
1.0132
1.0559
1.0465
1.1112
0.87995
0.93891
1.0071
1.1063
1.2016
1.2674
1.3934
1.3738
1.21
1.1709
1.0285
1.0912
1.06
1.0451
1.0395
1.024
1.0685
1.0266
1.0406
1.0197
1.0346
1.0649
1.1068
1.1833
1.2221
1.2196
1.1671
1.0735
1.071
1.0767
1.042
1.1024
0.98744
1.0194
1.0526
1.0947
1.0492
1.0885
0.92647
0.91592
0.83182
0.96069
0.86722
0.62461
1.0187
1.2768
1.4505
1.5039
1.4286
1.2952
1.2344
1.1631
1.0728
1.076
0.94218
0.95691
0.92263
0.91653
0.98979
1.1404
0.92917
0.93794
1.0489
1.0548
1.148
1.2418
1.1881
1.2451
1.3105
1.2376
1.1643
1.0751
1.0761
1.0887
1.0791
1.0344
1.0126
0.98732
1.0447
1.023
1.0682
1.0595
0.94996
0.94961
1.0053
1.0267
1.0864
1.0545
1.0439
1.0482
0.83753
0.76103
0.90437
1.0736
1.1469
1.1844
1.1809
1.1139
1.103
1.079
1.0684
1.0245
0.90161
0.82835
0.80361
0.7309
0.92456
1.0318
1.2418
1.2571
1.2764
1.2936
1.18
0.90461
0.91122
0.98649
1.0437
1.1049
1.0975
1.1027
1.0846
1.1225
1.0969
1.0111
0.96436
0.89697
0.83297
0.82686
0.91654
1.1672
1.2189
1.3085
1.2889
1.1974
1.174
0.88591
0.87878
1.0305
1.1002
1.1202
1.1206
1.0849
1.0803
1.0802
1.1046
1.1012
1.0351
0.97603
0.8604
0.85981
0.85499
0.99459
1.1375
1.1377
1.1956
1.1999
1.1521
1.0813
0.8319
0.84665
0.97344
1.0881
1.15
1.1377
1.0666
1.096
1.1071
1.0925
1.0944
0.97811
0.89799
0.88379
0.79373
0.81703
1.0616
1.1816
1.2761
1.2723
1.2252
1.1835
1.1475
0.86453
0.78232
0.79537
0.75591
0.91224
0.88479
1.0904
1.3949
1.2902
1.175
1.1001
1.0728
1.0263
1.016
1.0139
1.069
0.96478
0.9162
0.89777
1.0423
1.0063
0.85881
0.92372
0.86997
0.90308
1.0397
1.0631
1.0537
1.0882
1.008
0.99426
1.0745
1.1055
1.19
1.1127
1.0137
0.83952
0.80506
0.83146
0.86251
1.0752
1.1835
1.2701
1.2737
1.2613
1.1424
0.84108
0.93669
0.97266
0.99109
1.0049
1.1116
1.0732
1.1081
1.0808
0.96128
0.91451
1.0038
0.97914
0.99017
0.96678
1.1103
1.108
1.2331
1.1616
1.1789
0.78241
0.78523
0.87721
0.84912
0.9736
1.0349
1.0286
1.0059
1.0798
1.0886
1.0374
1.0155
0.96733
1.0075
1.0568
1.0187
1.0808
1.1794
1.2019
1.1446
1.1729
1.1394
0.86048
0.87988
0.94776
0.91002
0.92714
0.95719
1.0726
1.0652
1.0051
0.98305
1.0842
1.0833
0.99248
1.0188
0.9546
0.96681
1.0746
1.0902
1.2293
0.87254
0.87016
1.0086
0.96035
1.0422
1.0687
1.0867
1.0285
1.0874
1.1051
1.0207
1.022
1.0792
1.1764
1.1524
1.1639
0.85318
0.8572
0.92658
0.95455
0.99914
1.0045
1.0868
1.0991
1.0723
1.0668
1.1041
1.0479
0.99685
0.95251
0.87758
0.92934
1.0488
1.0453
1.1868
1.1795
1.2144
1.2503
0.78447
0.93698
0.94942
0.93959
0.98168
0.95848
0.96323
0.98694
1.0177
1.0496
1.0662
1.0968
0.98986
1.0501
1.0221
1.039
1.1488
1.2285
1.2393
1.1662
1.1628
1.1727
0.97923
0.91571
0.95699
0.99657
1.0523
1.1147
1.054
1.0157
1.0496
1.0649
0.7015
0.83019
1.0044
1.0351
1.0788
1.1159
1.1621
1.1588
1.2092
1.1852
1.1534
1.073
0.96675
0.95505
0.91634
0.94928
1.0811
1.0985
1.2213
1.1807
1.2
1.2243
1.1518
0.80727
0.84478
0.90803
1.0154
0.98435
1.0075
1.041
1.024
1.1116
1.2197
1.2683
1.1614
1.0978
1.0361
1.008
1.0219
1.1533
1.1445
1.1218
1.1187
1.0924
1.1301
1.1353
0.80713
0.86293
0.97356
1.0634
1.0156
1.0271
1.0361
1.0238
1.1361
1.2571
1.2638
1.1708
1.1131
1.0515
0.98931
1.0758
1.1401
1.1264
1.1
1.1347
1.1314
1.1728
0.75663
0.82708
0.81848
0.94367
0.98122
1.0617
1.0623
1.0121
1.0133
1.2761
1.253
1.0949
1.0285
1.0155
0.96252
1.0252
1.1443
1.1031
1.1534
1.1626
1.1531
0.90354
0.82057
0.742
0.85291
0.88812
1.0499
1.196
1.2277
1.1011
1.0439
1.047
1.0396
1.0098
1.0069
0.9163
0.8691
0.79814
0.88382
0.95416
1.2426
1.2708
1.2241
1.0857
1.2122
0.83459
0.91314
0.89063
0.90825
0.94203
0.94007
1.0004
1.0447
1.0385
1.0428
1.0646
1.1019
1.1806
1.1237
1.0006
0.99592
1.0272
1.0372
1.1574
1.2724
1.2218
1.1798
1.119
1.1747
1.1377
0.76268
0.75264
0.95149
1.0619
1.0729
1.0756
1.0868
1.06
1.0832
1.1073
1.0833
1.0851
1.0435
1.0045
1.0577
1.1625
1.213
1.178
1.0941
1.0701
0.85912
0.87196
0.87657
0.97264
0.94511
0.97453
0.99044
1.0245
1.1047
1.1206
1.1564
1.1435
1.0236
0.9791
0.97077
0.95982
0.9969
1.1721
1.1597
1.151
1.1151
1.0925
1.0726
0.80356
0.84673
0.90899
0.96677
0.97947
1.0534
1.0237
1.0185
1.1091
1.2134
1.1806
1.0869
1.0823
0.96677
0.92913
1.037
1.0867
1.1984
1.1817
1.0917
1.0819
1.1465
0.88644
0.8452
0.91311
0.97682
1.0651
1.0034
0.98511
1.0564
0.99423
0.98002
0.98316
0.97858
1.0974
1.1805
1.1262
1.1327
1.0764
0.77472
0.83253
0.93262
0.98926
0.99315
0.88756
1.016
1.0864
1.0573
1.1178
1.1651
1.1152
0.98229
0.98803
0.94697
1.0419
1.1444
1.2182
1.2099
1.1542
1.115
1.1992
0.79975
0.78928
0.78543
0.95657
1.0316
1.0213
0.98264
1.0328
0.99467
1.0885
1.1027
1.1296
1.0403
1.043
1.006
1.0118
1.0592
0.97922
1.0838
1.0701
1.0932
1.0523
1.0988
0.97032
0.97814
1.0891
1.0739
1.0673
1.0839
1.1276
0.51411
0.61027
0.78266
0.94696
1.1723
1.2246
1.3188
1.3144
1.27
1.1504
0.95337
0.98867
0.97109
1.002
1.1583
1.2345
1.1744
1.1518
1.0687
0.962
0.76211
0.70099
0.83468
0.99264
0.99331
1.0586
1.0945
1.1852
1.1908
1.2128
1.1945
1.037
0.97474
0.93299
0.94494
0.9668
0.96197
1.0081
1.1017
1.19
1.2002
1.1745
1.0779
1.0794
0.7063
0.66367
0.80614
0.97566
1.0645
1.0449
1.1072
1.1372
1.1443
1.19
1.1847
1.1603
0.99859
1.0044
0.9492
0.96
0.94693
1.0332
1.1488
1.1196
1.1571
1.1346
1.1237
1.1372
0.82705
0.75982
0.74361
0.75399
0.92593
1.0526
1.2081
1.2307
1.2426
1.1913
1.1513
1.1475
0.94594
0.91791
0.90881
0.93974
0.97539
1.0203
1.1825
1.1588
1.124
1.0954
1.1293
1.0835
0.81933
0.84343
0.901
0.87146
1.0559
1.0645
1.0807
1.0029
1.1336
1.0632
1.1521
1.148
1.1148
1.0365
1.0327
0.98563
1.036
1.0959
1.2044
1.2362
1.2427
1.1984
1.1821
0.8367
0.82927
0.84219
0.9499
0.92601
0.91119
0.99273
1.0606
1.0643
1.069
1.0575
1.1218
1.1192
0.98298
0.9881
0.99418
0.99205
1.011
0.99012
1.1333
1.2192
1.2184
1.1388
1.0353
0.66903
0.77859
0.91046
0.9986
1.0225
0.96225
1.0502
1.0411
1.1328
1.1015
1.0517
0.82572
0.9367
1.0136
0.94559
1.0227
1.0487
1.1974
1.1703
1.1438
1.0674
1.0376
0.79962
0.87459
0.98015
1.0568
0.95869
0.99788
0.96075
0.97708
1.0521
1.1457
1.1661
1.1252
1.0842
1.0241
0.92069
0.95739
1.0328
1.2747
1.3379
1.2734
1.0137
0.90112
0.91849
0.69985
0.81697
0.96121
1.0233
0.97305
0.94052
1.0658
1.1007
1.2053
1.2611
1.116
0.97469
1.1289
0.96263
0.94364
1.0304
1.1226
1.1551
1.2517
1.1631
1.0476
0.74906
0.87162
0.86484
1.024
1.0431
0.99148
0.97302
0.96567
0.98172
1.0933
1.135
1.1115
1.0629
1.0507
0.99434
1.0367
1.1788
1.1423
1.1208
0.80281
0.85817
0.97455
0.93285
1.021
0.96489
1.0754
1.0539
1.1039
1.0962
1.0756
1.021
0.96596
0.91652
0.96969
0.9788
1.1999
1.1853
1.2398
1.1529
0.96599
0.95219
0.71782
0.82168
0.95165
1.014
0.99595
0.95807
1.0785
1.0793
1.1294
1.1607
1.1197
1.034
0.9972
0.98071
1.0001
0.98234
1.1112
1.219
1.3113
1.2538
1.0948
0.84701
0.81134
0.80374
0.85461
0.86261
0.77533
0.83531
0.85002
0.80581
1.0314
0.65397
0.58673
0.76642
0.8947
1.0972
1.1413
1.1835
1.2197
1.1749
1.0911
1.1422
1.1112
1.1366
1.098
1.1099
1.063
1.1006
1.1905
1.3239
1.1836
1.1246
0.98394
1.0923
1.0937
0.78844
0.82542
0.89699
0.97595
1.0473
1.0795
1.1586
1.1707
1.1677
0.84872
0.88852
1.0194
1.0874
1.2074
1.1632
1.1943
1.1736
1.181
1.0666
0.92737
0.70272
0.71559
0.83868
1.0139
0.95741
1.0691
1.058
1.1181
1.1391
1.2646
1.3535
1.2556
1.0202
1.0144
1.0041
1.0204
1.0868
1.1549
0.64846
0.83129
0.83901
1.1471
1.046
1.1755
1.0123
1.1997
1.2102
1.1636
1.0735
1.0103
1.039
1.0413
0.85901
0.88609
0.8699
0.98527
0.98002
1.0783
1.044
1.0809
1.1027
1.197
1.1733
1.0525
1.0702
1.0846
1.0316
1.1388
1.1166
1.1399
1.0744
1.0783
0.84147
0.86914
0.98239
0.962
0.94069
1.0825
1.1361
1.1953
1.2029
1.2428
1.1263
0.60455
0.72368
0.87277
1.0806
1.044
1.0751
1.0293
1.0628
1.1692
1.221
1.183
1.0757
1.04
1.0889
1.0753
1.0569
0.96235
0.99887
1.0829
1.1016
0.37655
0.37299
0.38909
0.49845
0.52527
0.47175
0.48275
0.49184
0.51648
0.4969
0.47113
0.43048
0.4341
0.42777
0.44152
0.45645
0.52587
0.52276
0.53995
0.47545
0.47474
0.42908
0.44073
0.39315
0.37233
0.38679
0.4555
0.4341
0.44068
0.38964
0.45762
0.44033
0.52646
0.57751
0.54148
0.41827
0.45332
0.40715
0.45379
0.40514
0.47557
0.44937
0.47087
0.49039
0.51694
0.46796
0.493
0.39863
0.45603
0.37191
0.43485
0.35004
0.42425
0.38148
0.42714
0.41872
0.42579
0.43384
0.51393
0.4773
0.46157
0.43092
0.53714
0.47681
0.49407
0.41375
0.37345
0.4139
0.53767
0.52359
0.45627
0.42223
0.36043
0.30599
0.48939
0.43606
0.46182
0.43962
0.5076
0.3859
0.40074
0.28119
0.43399
0.43953
0.53942
0.48379
0.50697
0.3513
0.5324
0.49082
0.37704
0.37268
0.33256
0.38914
0.3184
0.41614
0.47297
0.45229
0.47991
0.53463
0.58315
0.5247
0.45606
0.35816
0.40946
0.5365
0.55426
0.46488
0.38993
0.3602
0.47402
0.51322
0.42125
0.40344
0.43779
0.47401
0.50465
0.45348
0.42528
0.39404
0.41134
0.37348
0.37568
0.36552
0.44157
0.37132
0.43494
0.42682
0.494
0.5609
0.50428
0.59786
0.47952
0.43853
0.42492
0.47573
0.58743
0.62301
0.50136
0.37514
0.32728
0.45881
0.43606
0.40419
0.42949
0.41756
0.43481
0.40578
0.40512
0.4115
0.43695
0.47836
0.39429
0.50097
0.41665
0.48568
0.32554
0.49751
0.36297
0.57088
0.51385
0.61248
0.54185
0.51884
0.41033
0.36072
0.28271
0.19293
0.39527
0.33457
0.36964
0.54336
0.58634
0.50349
0.4676
0.44932
0.48108
0.44763
0.46637
0.41768
0.42386
0.39842
0.41868
0.5002
0.52076
0.53887
0.56863
0.52448
0.4886
0.46217
0.46451
0.366
0.39368
0.38414
0.46334
0.34701
0.45649
0.37994
0.46234
0.45468
0.5028
0.55729
0.55273
0.421
0.50287
0.40183
0.48975
0.49611
0.49513
0.45113
0.41158
0.46824
0.42618
0.45526
0.42508
0.41947
0.51913
0.44126
0.40678
0.43662
0.44234
0.43009
0.51147
0.49652
0.4728
0.44242
0.47397
0.4577
0.51796
0.47731
0.38846
0.41379
0.45102
0.50459
0.52731
0.4477
0.46192
0.40021
0.39015
0.44825
0.50642
0.4482
0.39145
0.40044
0.44473
0.50798
0.52608
0.49207
0.57316
0.43751
0.38986
0.24952
0.48974
0.39346
0.4148
0.41307
0.47551
0.38563
0.51692
0.46116
0.52862
0.44504
0.41354
0.40149
0.47896
0.36055
0.4303
0.43848
0.57962
0.54602
0.51544
0.47341
0.47176
0.40448
0.37297
0.48682
0.44232
0.3271
0.3923
0.34651
0.57453
0.55638
0.55004
0.5085
0.46016
0.4193
0.48882
0.45215
0.4945
0.43408
0.36295
0.37432
0.41358
0.5077
0.53412
0.42636
0.4379
0.54681
0.5694
0.53319
0.39873
0.45255
0.39864
0.43718
0.45119
0.45438
0.41529
0.4828
0.45569
0.48196
0.49269
0.53404
0.46387
0.43335
0.43054
0.41424
0.38587
0.39457
0.53199
0.57449
0.55187
0.46828
0.47202
0.46816
0.414
0.39967
0.37685
0.48134
0.41727
0.42751
0.29859
0.44362
0.45683
0.55634
0.59433
0.53255
0.46249
0.42234
0.40156
0.49072
0.41602
0.48369
0.4506
0.43291
0.47764
0.41505
0.48412
0.44913
0.53466
0.53006
0.55421
0.47925
0.49987
0.49646
0.46312
0.43955
0.35389
0.42867
0.45817
0.4912
0.42028
0.40621
0.41219
0.47028
0.45405
0.44491
0.45298
0.41633
0.46911
0.40364
0.39637
0.34518
0.47311
0.50073
0.57108
0.55375
0.55334
0.53279
0.42929
0.39798
0.33377
0.305
0.28695
0.29768
0.30901
0.37722
0.34982
0.37901
0.33534
0.42105
0.40626
0.39609
0.43015
0.42754
0.44453
0.54891
0.52081
0.49329
0.4835
0.59957
0.5085
0.48226
0.3576
0.38156
0.48203
0.50818
0.42381
0.38411
0.3252
0.45848
0.43223
0.51427
0.42009
0.47953
0.44836
0.3954
0.37442
0.452
0.44447
0.53686
0.44953
0.4495
0.36891
0.38436
0.42006
0.42914
0.43533
0.32667
0.41061
0.41797
0.50154
0.50854
0.5172
0.49275
0.54017
0.57119
0.54752
0.43357
0.36301
0.32282
0.45373
0.51244
0.41556
0.38584
0.39211
0.42676
0.47483
0.44928
0.50416
0.42596
0.44767
0.39037
0.40911
0.3855
0.4755
0.52951
0.56784
0.47589
0.38806
0.32526
0.36593
0.41467
0.3187
0.59938
0.57117
0.55687
0.44286
0.47229
0.42477
0.43307
0.43641
0.51782
0.45271
0.44597
0.31935
0.41454
0.51104
0.67256
0.55005
0.51315
0.39963
0.50325
0.4516
0.36962
0.34144
0.34491
0.37111
0.42222
0.42456
0.43028
0.45412
0.4433
0.48369
0.61648
0.64984
0.55129
0.38653
0.49903
0.47963
0.47884
0.45658
0.54428
0.41989
0.43054
0.36861
0.43776
0.37304
0.40283
0.35634
0.32129
0.36061
0.39523
0.39934
0.45445
0.43323
0.48027
0.49833
0.48081
0.5188
0.435
0.44424
0.41172
0.49841
0.49522
0.5238
0.48363
0.44739
0.50658
0.47463
0.38911
0.34857
0.36553
0.34887
0.42726
0.48898
0.45223
0.36598
0.38642
0.41218
0.42199
0.43886
0.40045
0.56773
0.51863
0.48184
0.44766
0.57527
0.52319
0.52839
0.43929
0.40458
0.37361
0.48894
0.57962
0.64846
0.47816
0.44846
0.34191
0.41868
0.36982
0.4729
0.35604
0.45548
0.42888
0.50198
0.38475
0.46945
0.32711
0.44648
0.38355
0.46975
0.47178
0.49145
0.43108
0.53878
0.49635
0.33392
0.3702
0.44214
0.53156
0.50933
0.58976
0.50844
0.45947
0.52462
0.4096
0.37261
0.22777
0.38902
0.37025
0.47147
0.52473
0.49277
0.43908
0.51095
0.3306
0.50177
0.44307
0.49307
0.48605
0.47678
0.28695
0.4333
0.43477
0.5443
0.48902
0.60126
0.49488
0.58153
0.4064
0.51388
0.37408
0.30525
0.39559
0.44226
0.38879
0.48093
0.31464
0.55466
0.57781
0.63966
0.52793
0.52097
0.4251
0.48404
0.45127
0.5386
0.39021
0.4841
0.48352
0.45231
0.45666
0.50954
0.49001
0.39236
0.35817
0.4231
0.38802
0.38404
0.40823
0.4743
0.50102
0.38712
0.45681
0.49441
0.48576
0.40337
0.37634
0.46024
0.52798
0.52357
0.39479
0.44545
0.45669
0.46539
0.42586
0.41678
0.59039
0.37551
0.31324
0.35093
0.39369
0.4571
0.43766
0.5036
0.48058
0.50501
0.45034
0.48805
0.48716
0.55733
0.53223
0.5537
0.53682
0.45086
0.38976
0.39349
0.38524
0.44159
0.34169
0.4688
0.43243
0.55033
0.37377
0.42614
0.4302
0.48206
0.43166
0.49457
0.38955
0.513
0.35477
0.44965
0.29536
0.46659
0.47092
0.56606
0.51147
0.57882
0.54616
0.51556
0.40185
0.39761
0.33481
0.38837
0.20853
0.32092
0.27496
0.33797
0.57345
0.45191
0.41197
0.44494
0.46756
0.50541
0.3886
0.43819
0.53023
0.50197
0.50429
0.31166
0.35659
0.44758
0.47431
0.55559
0.62433
0.52879
0.35579
0.4357
0.32547
0.36291
0.34082
0.39022
0.40741
0.44661
0.47426
0.42751
0.37358
0.44887
0.43886
0.52553
0.3661
0.40523
0.35494
0.43936
0.44162
0.55077
0.50037
0.51428
0.52243
0.48169
0.35094
0.40452
0.34689
0.37196
0.40316
0.44322
0.45209
0.5161
0.49577
0.41678
0.47065
0.45883
0.46093
0.43309
0.46623
0.43694
0.41139
0.45323
0.44531
0.50317
0.2668
0.40895
0.40657
0.42604
0.31187
0.39813
0.43524
0.44314
0.48025
0.4568
0.56949
0.50089
0.50422
0.54152
0.5753
0.4235
0.44948
0.40354
0.45351
0.44828
0.43701
0.48728
0.41811
0.49336
0.466
0.537
0.39457
0.45787
0.50644
0.50717
0.5007
0.44054
0.37843
0.48248
0.39
0.47612
0.48263
0.48858
0.40956
0.37107
0.40141
0.3917
0.41047
0.48659
0.48318
0.49059
0.47307
0.44651
0.36386
0.40825
0.31607
0.40498
0.36907
0.41992
0.32445
0.49846
0.48018
0.47662
0.49521
0.43273
0.47183
0.48985
0.53005
0.48318
0.44287
0.46164
0.39082
0.43148
0.41388
0.45659
0.37722
0.45901
0.47606
0.45005
0.48128
0.43544
0.47112
0.47662
0.39963
0.37416
0.3588
0.39204
0.44443
0.54668
0.6531
0.53731
0.43619
0.36057
0.40951
0.39829
0.34818
0.39522
0.29796
0.31162
0.34901
0.38407
0.36621
0.36925
0.42257
0.46522
0.56139
0.42173
0.54625
0.37958
0.54094
0.5473
0.57472
0.29366
0.30546
0.37779
0.40961
0.43884
0.47314
0.47489
0.53747
0.59194
0.52954
0.37409
0.50146
0.47693
0.49819
0.44631
0.46516
0.38129
0.49394
0.37993
0.36907
0.46893
0.51551
0.4373
0.47053
0.45934
0.44057
0.5278
0.46731
0.44003
0.40709
0.43004
0.50875
0.5351
0.44274
0.58585
0.34713
0.51776
0.34439
0.41972
0.42887
0.52403
0.35001
0.30203
0.42201
0.39543
0.35514
0.37971
0.3026
0.35378
0.35552
0.43184
0.51197
0.42103
0.44988
0.48516
0.46038
0.43939
0.51622
0.46692
0.51483
0.44053
0.53755
0.51068
0.54913
0.45667
0.52388
0.43671
0.52153
0.31587
0.42797
0.32598
0.35373
0.54491
0.40578
0.29131
0.48267
0.77389
0.64186
0.44693
0.3945
0.43581
0.35289
0.36699
0.3494
0.39541
0.38946
0.44116
0.36624
0.45531
0.49805
0.47469
0.32649
0.37853
0.41632
0.52768
0.44581
0.47385
0.47969
0.50212
0.43909
0.499
0.47729
0.51324
0.46923
0.41952
0.41652
0.45333
0.40859
0.40764
0.47249
0.43809
0.46005
0.40044
0.53738
0.50132
0.54348
0.47985
0.37233
0.42581
0.51041
0.48634
0.56524
0.42403
0.4353
0.43872
0.37339
0.39739
0.41158
0.45512
0.46534
0.48569
0.45531
0.36734
0.36843
0.31606
0.43106
0.42307
0.52923
0.55014
0.45986
0.4385
0.45097
0.34613
0.43822
0.4804
0.50292
0.38325
0.37745
0.49624
0.58222
0.52616
0.4885
0.37981
0.41361
0.43121
0.39407
0.4302
0.44813
0.45267
0.4453
0.35152
0.46609
0.42619
0.45645
0.1779
0.29471
0.30607
0.34417
0.49718
0.55188
0.47612
0.44603
0.42989
0.54997
0.54218
0.48412
0.37824
0.49182
0.38377
0.50289
0.41905
0.58212
0.51191
0.58109
0.45049
0.41809
0.35413
0.52266
0.51676
0.57155
0.49761
0.42434
0.45008
0.48232
0.5693
0.59487
0.53814
0.52608
0.48609
0.42599
0.26401
0.34974
0.36365
0.49427
0.3882
0.53322
0.45158
0.47683
0.47116
0.53274
0.51417
0.4024
0.49711
0.51466
0.41563
0.4334
0.49831
0.48657
0.56389
0.512
0.43048
0.47185
0.45857
0.46488
0.54397
0.59071
0.41413
0.45708
0.4506
0.40291
0.37905
0.43783
0.45054
0.53536
0.45595
0.44947
0.41898
0.45676
0.39563
0.35095
0.40973
0.46477
0.50177
0.45884
0.47651
0.46114
0.41108
0.40309
0.42236
0.29018
0.33397
0.33976
0.49944
0.5473
0.47292
0.42088
0.3324
0.35901
0.31918
0.38558
0.33035
0.48568
0.47368
0.509
0.50243
0.47796
0.44828
0.44829
0.35732
0.4424
0.41131
0.59998
0.51363
0.46847
0.39626
0.55803
0.48746
0.49569
0.35089
0.41882
0.3648
0.40596
0.42791
0.47654
0.39189
0.44821
0.39584
0.40116
0.45026
0.47962
0.48558
0.37784
0.45615
0.41714
0.45997
0.38301
0.54259
0.42564
0.39786
0.47284
0.47843
0.44162
0.41094
0.33935
0.44207
0.45577
0.44485
0.3998
0.39323
0.40056
0.48277
0.50387
0.34571
0.42994
0.47292
0.48826
0.35794
0.41389
0.43495
0.53394
0.43582
0.46327
0.59674
0.49823
0.46088
0.3047
0.32184
0.37341
0.39908
0.53983
0.63192
0.42602
0.48648
0.47012
0.41336
0.39799
0.36392
0.42862
0.43452
0.48317
0.39631
0.50949
0.548
0.48179
0.38858
0.38784
